Body data file part 1
xf,yf,zf = collocation points
xs,ys,zs = source points
dphifdn = Body boundary condition
sigma = source strength (this is the solution I got)
Number of body nodes =   510
 xf            yf             zf             xs             ys             zs             dphifn         sigma
-0.100000E+02  0.000000E+00   0.443541E-01  -0.999845E+01   0.000000E+00   0.443541E-01  -0.296622E+01  -0.345156E-05
-0.100000E+02  0.000000E+00  -0.994630E-01  -0.999845E+01   0.000000E+00  -0.994630E-01  -0.296622E+01  -0.325165E-05
-0.100000E+02  0.000000E+00  -0.243280E+00  -0.999845E+01   0.000000E+00  -0.243280E+00  -0.296622E+01  -0.319986E-05
-0.100000E+02  0.000000E+00  -0.387097E+00  -0.999845E+01   0.000000E+00  -0.387097E+00  -0.296622E+01  -0.320052E-05
-0.100000E+02  0.000000E+00  -0.530914E+00  -0.999845E+01   0.000000E+00  -0.530914E+00  -0.296622E+01  -0.322791E-05
-0.100000E+02  0.000000E+00  -0.674731E+00  -0.999845E+01   0.000000E+00  -0.674731E+00  -0.296622E+01  -0.327016E-05
-0.100000E+02  0.000000E+00  -0.818549E+00  -0.999845E+01   0.000000E+00  -0.818549E+00  -0.296622E+01  -0.331843E-05
-0.100000E+02  0.000000E+00  -0.962366E+00  -0.999845E+01   0.000000E+00  -0.962366E+00  -0.296622E+01  -0.336503E-05
-0.100000E+02  0.000000E+00  -0.110618E+01  -0.999845E+01   0.000000E+00  -0.110618E+01  -0.296622E+01  -0.340442E-05
-0.100000E+02  0.000000E+00  -0.125000E+01  -0.999845E+01   0.000000E+00  -0.125000E+01  -0.296622E+01  -0.343436E-05
-0.980769E+01  0.454197E-01   0.823225E-01  -0.977162E+01   0.000000E+00   0.823225E-01  -0.671444E+00  -0.136816E-02
-0.980769E+01  0.452942E-01  -0.657133E-01  -0.977172E+01   0.000000E+00  -0.651203E-01  -0.669678E+00  -0.955681E-03
-0.980769E+01  0.440916E-01  -0.213749E+00  -0.977263E+01   0.000000E+00  -0.211818E+00  -0.652727E+00  -0.855293E-03
-0.980769E+01  0.416150E-01  -0.361785E+00  -0.977452E+01   0.000000E+00  -0.358508E+00  -0.617613E+00  -0.738081E-03
-0.980769E+01  0.378643E-01  -0.509821E+00  -0.977740E+01   0.000000E+00  -0.505186E+00  -0.563939E+00  -0.587556E-03
-0.980769E+01  0.328395E-01  -0.657857E+00  -0.978131E+01   0.000000E+00  -0.651851E+00  -0.491167E+00  -0.414273E-03
-0.980769E+01  0.265407E-01  -0.805892E+00  -0.978627E+01   0.000000E+00  -0.798503E+00  -0.398717E+00  -0.242482E-03
-0.980769E+01  0.189679E-01  -0.953928E+00  -0.979232E+01   0.000000E+00  -0.945146E+00  -0.286094E+00  -0.104700E-03
-0.980769E+01  0.101210E-01  -0.110196E+01  -0.979947E+01   0.000000E+00  -0.109179E+01  -0.153088E+00  -0.272589E-04
-0.980769E+01  0.000000E+00  -0.125000E+01  -0.980769E+01   0.000000E+00  -0.123845E+01   0.000000E+00   0.690299E-05
-0.960458E+01  0.918223E-01   0.152650E+00  -0.956870E+01   0.000000E+00   0.152650E+00  -0.649891E+00  -0.214990E-02
-0.960458E+01  0.918217E-01  -0.319962E-02  -0.956870E+01   0.000000E+00  -0.313954E-02  -0.649887E+00  -0.167554E-02
-0.960458E+01  0.903357E-01  -0.159050E+00  -0.956926E+01   0.000000E+00  -0.156061E+00  -0.639756E+00  -0.155158E-02
-0.960458E+01  0.859949E-01  -0.314900E+00  -0.957090E+01   0.000000E+00  -0.308973E+00  -0.610050E+00  -0.139384E-02
-0.960458E+01  0.787994E-01  -0.470750E+00  -0.957364E+01   0.000000E+00  -0.461866E+00  -0.560454E+00  -0.116817E-02
-0.960458E+01  0.687490E-01  -0.626600E+00  -0.957750E+01   0.000000E+00  -0.614738E+00  -0.490508E+00  -0.875066E-03
-0.960458E+01  0.558439E-01  -0.782450E+00  -0.958252E+01   0.000000E+00  -0.767591E+00  -0.399708E+00  -0.545759E-03
-0.960458E+01  0.400841E-01  -0.938300E+00  -0.958870E+01   0.000000E+00  -0.920435E+00  -0.287654E+00  -0.250716E-03
-0.960458E+01  0.214694E-01  -0.109415E+01  -0.959607E+01   0.000000E+00  -0.107329E+01  -0.154257E+00  -0.707029E-04
-0.960458E+01  0.000000E+00  -0.125000E+01  -0.960458E+01   0.000000E+00  -0.122620E+01   0.000000E+00   0.399490E-04
-0.939006E+01  0.139124E+00   0.191450E+00  -0.935445E+01   0.000000E+00   0.191450E+00  -0.627582E+00   0.295356E-02
-0.939006E+01  0.139124E+00   0.312890E-01  -0.935445E+01   0.000000E+00   0.312890E-01  -0.627582E+00  -0.247064E-02
-0.939006E+01  0.137645E+00  -0.128872E+00  -0.935483E+01   0.000000E+00  -0.125097E+00  -0.621049E+00  -0.187233E-02
-0.939006E+01  0.131685E+00  -0.289033E+00  -0.935632E+01   0.000000E+00  -0.280558E+00  -0.594661E+00  -0.183771E-02
-0.939006E+01  0.121158E+00  -0.449194E+00  -0.935898E+01   0.000000E+00  -0.436006E+00  -0.547828E+00  -0.159666E-02
-0.939006E+01  0.106062E+00  -0.609356E+00  -0.936281E+01   0.000000E+00  -0.591440E+00  -0.480247E+00  -0.126336E-02
-0.939006E+01  0.863986E-01  -0.769517E+00  -0.936784E+01   0.000000E+00  -0.746869E+00  -0.391618E+00  -0.839375E-03
-0.939006E+01  0.621671E-01  -0.929678E+00  -0.937407E+01   0.000000E+00  -0.902315E+00  -0.281796E+00  -0.405222E-03
-0.939006E+01  0.333675E-01  -0.108984E+01  -0.938149E+01   0.000000E+00  -0.105782E+01  -0.150989E+00  -0.110636E-03
-0.939006E+01  0.000000E+00  -0.125000E+01  -0.939006E+01   0.000000E+00  -0.121343E+01   0.000000E+00   0.117922E-03
-0.916349E+01  0.187226E+00   0.171253E+00  -0.912824E+01   0.179038E-01   0.171253E+00  -0.604524E+00   0.388578E-02
-0.916349E+01  0.187226E+00   0.133362E-01  -0.912824E+01   0.179038E-01   0.133362E-01  -0.604524E+00  -0.303891E-02
-0.916349E+01  0.184722E+00  -0.144581E+00  -0.912871E+01   0.154030E-01  -0.138714E+00  -0.596422E+00  -0.179505E-02
-0.916349E+01  0.176262E+00  -0.302498E+00  -0.913031E+01   0.696585E-02  -0.290225E+00  -0.569032E+00  -0.204002E-02
-0.916349E+01  0.161826E+00  -0.460415E+00  -0.913304E+01   0.000000E+00  -0.441743E+00  -0.522206E+00  -0.171119E-02
-0.916349E+01  0.141413E+00  -0.618332E+00  -0.913691E+01   0.000000E+00  -0.593281E+00  -0.455870E+00  -0.136003E-02
-0.916349E+01  0.115024E+00  -0.776249E+00  -0.914191E+01   0.000000E+00  -0.744865E+00  -0.370045E+00  -0.923155E-03
-0.916349E+01  0.826593E-01  -0.934166E+00  -0.914804E+01   0.000000E+00  -0.896533E+00  -0.264967E+00  -0.452519E-03
-0.916349E+01  0.443178E-01  -0.109208E+01  -0.915525E+01   0.000000E+00  -0.104834E+01  -0.141240E+00  -0.112344E-03
-0.916349E+01  0.000000E+00  -0.125000E+01  -0.916349E+01   0.000000E+00  -0.120037E+01   0.000000E+00   0.251079E-03
-0.892419E+01  0.236017E+00   0.136328E+00  -0.888939E+01   0.617127E-01   0.136328E+00  -0.580732E+00  -0.385537E-02
-0.892419E+01  0.235970E+00  -0.177086E-01  -0.888939E+01   0.616664E-01  -0.167761E-01  -0.580612E+00  -0.671335E-03
-0.892419E+01  0.231562E+00  -0.171745E+00  -0.889006E+01   0.573578E-01  -0.162707E+00  -0.569440E+00  -0.215870E-02
-0.892419E+01  0.219985E+00  -0.325781E+00  -0.889182E+01   0.460533E-01  -0.308663E+00  -0.540129E+00  -0.187546E-02
-0.892419E+01  0.201241E+00  -0.479818E+00  -0.889466E+01   0.277799E-01  -0.454674E+00  -0.492770E+00  -0.174280E-02
-0.892419E+01  0.175329E+00  -0.633854E+00  -0.889857E+01   0.257982E-02  -0.600775E+00  -0.427557E+00  -0.134752E-02
-0.892419E+01  0.142249E+00  -0.787891E+00  -0.890352E+01   0.000000E+00  -0.747012E+00  -0.344863E+00  -0.853486E-03
-0.892419E+01  0.102001E+00  -0.941927E+00  -0.890949E+01   0.000000E+00  -0.893447E+00  -0.245315E+00  -0.388176E-03
-0.892419E+01  0.545844E-01  -0.109596E+01  -0.891640E+01   0.000000E+00  -0.104015E+01  -0.129892E+00  -0.916110E-04
-0.892419E+01  0.000000E+00  -0.125000E+01  -0.892419E+01   0.000000E+00  -0.118721E+01   0.000000E+00   0.437264E-03
-0.867144E+01  0.285366E+00   0.102727E+00  -0.863719E+01   0.105938E+00   0.102727E+00  -0.556224E+00  -0.101267E-01
-0.867144E+01  0.284953E+00  -0.475756E-01  -0.863724E+01   0.105541E+00  -0.444578E-01  -0.555366E+00   0.785278E-03
-0.867144E+01  0.278215E+00  -0.197879E+00  -0.863810E+01   0.990819E-01  -0.184931E+00  -0.541393E+00  -0.244011E-02
-0.867144E+01  0.263225E+00  -0.348182E+00  -0.864001E+01   0.847193E-01  -0.325479E+00  -0.510431E+00  -0.167515E-02
-0.867144E+01  0.239984E+00  -0.498485E+00  -0.864294E+01   0.624705E-01  -0.466163E+00  -0.462775E+00  -0.166108E-02
-0.867144E+01  0.208491E+00  -0.648788E+00  -0.864688E+01   0.323596E-01  -0.607048E+00  -0.398914E+00  -0.124342E-02
-0.867144E+01  0.168746E+00  -0.799091E+00  -0.865176E+01   0.000000E+00  -0.748207E+00  -0.319569E+00  -0.777926E-03
-0.867144E+01  0.120749E+00  -0.949394E+00  -0.865754E+01   0.000000E+00  -0.889717E+00  -0.225727E+00  -0.200291E-03
-0.867144E+01  0.645004E-01  -0.109970E+01  -0.866413E+01   0.000000E+00  -0.103166E+01  -0.118673E+00  -0.133586E-03
-0.867144E+01  0.000000E+00  -0.125000E+01  -0.867144E+01   0.000000E+00  -0.117413E+01   0.000000E+00   0.672023E-03
-0.840450E+01  0.335127E+00   0.584174E-01  -0.837089E+01   0.150431E+00   0.584174E-01  -0.531027E+00  -0.662457E-02
-0.840450E+01  0.333505E+00  -0.869623E-01  -0.837107E+01   0.148904E+00  -0.800760E-01  -0.528183E+00  -0.109838E-02
-0.840450E+01  0.323549E+00  -0.232342E+00  -0.837217E+01   0.139536E+00  -0.214002E+00  -0.510784E+00  -0.214534E-02
-0.840450E+01  0.304526E+00  -0.377722E+00  -0.837426E+01   0.121634E+00  -0.348088E+00  -0.477825E+00  -0.165469E-02
-0.840450E+01  0.276438E+00  -0.523101E+00  -0.837730E+01   0.951966E-01  -0.482433E+00  -0.429835E+00  -0.154085E-02
-0.840450E+01  0.239283E+00  -0.668481E+00  -0.838124E+01   0.602170E-01  -0.617133E+00  -0.367596E+00  -0.965202E-03
-0.840450E+01  0.193061E+00  -0.813861E+00  -0.838601E+01   0.166842E-01  -0.752285E+00  -0.292136E+00  -0.861843E-03
-0.840450E+01  0.137774E+00  -0.959241E+00  -0.839154E+01   0.000000E+00  -0.887975E+00  -0.204712E+00   0.300447E-03
-0.840450E+01  0.734200E-01  -0.110462E+01  -0.839774E+01   0.000000E+00  -0.102429E+01  -0.106790E+00  -0.440576E-03
-0.840450E+01  0.000000E+00  -0.125000E+01  -0.840450E+01   0.000000E+00  -0.116129E+01   0.000000E+00   0.965493E-03
-0.812256E+01  0.385135E+00   0.418553E-02  -0.808970E+01   0.195023E+00   0.418553E-02  -0.505169E+00  -0.365350E-02
-0.812256E+01  0.380632E+00  -0.135168E+00  -0.809015E+01   0.190865E+00  -0.122523E+00  -0.498357E+00  -0.259402E-02
-0.812256E+01  0.366559E+00  -0.274522E+00  -0.809152E+01   0.177863E+00  -0.248986E+00  -0.477226E+00  -0.193910E-02
-0.812256E+01  0.342914E+00  -0.413876E+00  -0.809380E+01   0.155991E+00  -0.375738E+00  -0.442244E+00  -0.165027E-02
-0.812256E+01  0.309695E+00  -0.553230E+00  -0.809692E+01   0.125213E+00  -0.502917E+00  -0.394186E+00  -0.148324E-02
-0.812256E+01  0.266902E+00  -0.692584E+00  -0.810083E+01   0.854823E-01  -0.630643E+00  -0.334081E+00  -0.397888E-03
-0.812256E+01  0.214537E+00  -0.831938E+00  -0.810544E+01   0.367392E-01  -0.759019E+00  -0.263173E+00  -0.158211E-02
-0.812256E+01  0.152598E+00  -0.971292E+00  -0.811067E+01   0.000000E+00  -0.888130E+00  -0.182858E+00   0.169187E-02
-0.812256E+01  0.810856E-01  -0.111065E+01  -0.811641E+01   0.000000E+00  -0.101804E+01  -0.946244E-01  -0.141440E-02
-0.812256E+01  0.000000E+00  -0.125000E+01  -0.812256E+01   0.000000E+00  -0.114879E+01   0.000000E+00   0.135478E-02
-0.782478E+01  0.434990E+00  -0.278720E-01  -0.779281E+01   0.239334E+00  -0.248342E-01  -0.478401E+00  -0.100509E-01
-0.782478E+01  0.427746E+00  -0.163664E+00  -0.779345E+01   0.232771E+00  -0.145888E+00  -0.468796E+00   0.186897E-03
-0.782478E+01  0.410229E+00  -0.299456E+00  -0.779498E+01   0.216878E+00  -0.267202E+00  -0.445854E+00  -0.303844E-02
-0.782478E+01  0.382441E+00  -0.435248E+00  -0.779736E+01   0.191601E+00  -0.388977E+00  -0.410256E+00  -0.132615E-02
-0.782478E+01  0.344381E+00  -0.571040E+00  -0.780052E+01   0.156855E+00  -0.511387E+00  -0.363011E+00  -0.168923E-02
-0.782478E+01  0.296049E+00  -0.706832E+00  -0.780437E+01   0.112540E+00  -0.634575E+00  -0.305379E+00   0.288089E-03
-0.782478E+01  0.237444E+00  -0.842624E+00  -0.780882E+01   0.585411E-01  -0.758648E+00  -0.238781E+00  -0.311371E-02
-0.782478E+01  0.168568E+00  -0.978416E+00  -0.781377E+01   0.000000E+00  -0.883673E+00  -0.164707E+00   0.428258E-02
-0.782478E+01  0.894202E-01  -0.111421E+01  -0.781913E+01   0.000000E+00  -0.100969E+01  -0.846414E-01  -0.314584E-02
-0.782478E+01  0.000000E+00  -0.125000E+01  -0.782478E+01   0.000000E+00  -0.113670E+01   0.000000E+00   0.183739E-02
-0.751028E+01  0.485034E+00  -0.182266E-01  -0.747926E+01   0.283652E+00  -0.159473E-01  -0.451506E+00  -0.146252E-01
-0.751028E+01  0.477669E+00  -0.155090E+00  -0.747986E+01   0.277111E+00  -0.135775E+00  -0.442831E+00   0.242986E-02
-0.751028E+01  0.458672E+00  -0.291954E+00  -0.748137E+01   0.260199E+00  -0.255972E+00  -0.420799E+00  -0.416120E-02
-0.751028E+01  0.428043E+00  -0.428818E+00  -0.748374E+01   0.232813E+00  -0.376831E+00  -0.386284E+00  -0.122515E-02
-0.751028E+01  0.385782E+00  -0.565681E+00  -0.748688E+01   0.194801E+00  -0.498595E+00  -0.340569E+00  -0.192126E-02
-0.751028E+01  0.331890E+00  -0.702545E+00  -0.749069E+01   0.145986E+00  -0.621442E+00  -0.285203E+00   0.303549E-03
-0.751028E+01  0.266365E+00  -0.839409E+00  -0.749504E+01   0.861768E-01  -0.745485E+00  -0.221859E+00  -0.374051E-02
-0.751028E+01  0.189209E+00  -0.976273E+00  -0.749982E+01   0.151894E-01  -0.870775E+00  -0.152198E+00   0.623844E-02
-0.751028E+01  0.100420E+00  -0.111314E+01  -0.750494E+01   0.000000E+00  -0.997311E+00  -0.777812E-01  -0.457667E-02
-0.751028E+01  0.000000E+00  -0.125000E+01  -0.751028E+01   0.000000E+00  -0.112505E+01   0.000000E+00   0.226179E-02
-0.717810E+01  0.534702E+00  -0.397308E-05  -0.714817E+01   0.327438E+00  -0.340948E-05  -0.424034E+00  -0.872249E-03
-0.717810E+01  0.528100E+00  -0.138892E+00  -0.714866E+01   0.321697E+00  -0.119272E+00  -0.417061E+00  -0.462441E-02
-0.717810E+01  0.508296E+00  -0.277781E+00  -0.715011E+01   0.304413E+00  -0.239019E+00  -0.396519E+00  -0.207359E-02
-0.717810E+01  0.475289E+00  -0.416669E+00  -0.715244E+01   0.275422E+00  -0.359672E+00  -0.363469E+00  -0.218862E-02
-0.717810E+01  0.429081E+00  -0.555558E+00  -0.715555E+01   0.234478E+00  -0.481563E+00  -0.319488E+00  -0.180943E-02
-0.717810E+01  0.369669E+00  -0.694446E+00  -0.715929E+01   0.181296E+00  -0.604914E+00  -0.266440E+00  -0.317023E-04
-0.717810E+01  0.297056E+00  -0.833335E+00  -0.716354E+01   0.115589E+00  -0.729835E+00  -0.206254E+00  -0.354846E-02
-0.717810E+01  0.211240E+00  -0.972223E+00  -0.716817E+01   0.370915E-01  -0.856344E+00  -0.140754E+00   0.692759E-02
-0.717810E+01  0.112221E+00  -0.111111E+01  -0.717305E+01   0.000000E+00  -0.984386E+00  -0.715525E-01  -0.542618E-02
-0.717810E+01  0.000000E+00  -0.125000E+01  -0.717810E+01   0.000000E+00  -0.111386E+01   0.000000E+00   0.259856E-02
-0.682727E+01  0.583639E+00  -0.632696E-02  -0.679854E+01   0.370352E+00  -0.531881E-02  -0.395944E+00  -0.518599E-02
-0.682727E+01  0.575853E+00  -0.144513E+00  -0.679908E+01   0.363724E+00  -0.121611E+00  -0.388540E+00  -0.220089E-02
-0.682727E+01  0.553801E+00  -0.282699E+00  -0.680057E+01   0.344858E+00  -0.238570E+00  -0.368050E+00  -0.280770E-02
-0.682727E+01  0.517484E+00  -0.420885E+00  -0.680291E+01   0.313497E+00  -0.356744E+00  -0.335755E+00  -0.190114E-02
-0.682727E+01  0.466901E+00  -0.559071E+00  -0.680598E+01   0.269285E+00  -0.476533E+00  -0.293474E+00  -0.190579E-02
-0.682727E+01  0.402052E+00  -0.697257E+00  -0.680962E+01   0.211823E+00  -0.598165E+00  -0.243267E+00  -0.614703E-05
-0.682727E+01  0.322938E+00  -0.835442E+00  -0.681369E+01   0.140728E+00  -0.721718E+00  -0.187160E+00  -0.356717E-02
-0.682727E+01  0.229557E+00  -0.973628E+00  -0.681806E+01   0.556725E-01  -0.847149E+00  -0.126963E+00   0.783296E-02
-0.682727E+01  0.121912E+00  -0.111181E+01  -0.682261E+01   0.000000E+00  -0.974335E+00  -0.641813E-01  -0.647423E-02
-0.682727E+01  0.000000E+00  -0.125000E+01  -0.682727E+01   0.000000E+00  -0.110311E+01   0.000000E+00   0.296361E-02
-0.645673E+01  0.631696E+00  -0.848032E-02  -0.642933E+01   0.412226E+00  -0.697536E-02  -0.367430E+00  -0.166328E-01
-0.645673E+01  0.623057E+00  -0.146427E+00  -0.642988E+01   0.405036E+00  -0.120613E+00  -0.360012E+00   0.463020E-02
-0.645673E+01  0.599030E+00  -0.284374E+00  -0.643138E+01   0.384897E+00  -0.235134E+00  -0.339957E+00  -0.523520E-02
-0.645673E+01  0.559616E+00  -0.422320E+00  -0.643370E+01   0.351442E+00  -0.351231E+00  -0.308750E+00  -0.961179E-03
-0.645673E+01  0.504815E+00  -0.560267E+00  -0.643671E+01   0.304174E+00  -0.469369E+00  -0.268438E+00  -0.212765E-02
-0.645673E+01  0.434626E+00  -0.698214E+00  -0.644023E+01   0.242560E+00  -0.589777E+00  -0.221237E+00   0.418442E-04
-0.645673E+01  0.349051E+00  -0.836160E+00  -0.644411E+01   0.166121E+00  -0.712477E+00  -0.169225E+00  -0.323510E-02
-0.645673E+01  0.248088E+00  -0.974107E+00  -0.644822E+01   0.744648E-01  -0.837349E+00  -0.114157E+00   0.790700E-02
-0.645673E+01  0.131737E+00  -0.111205E+01  -0.645245E+01   0.000000E+00  -0.964192E+00  -0.574106E-01  -0.699736E-02
-0.645673E+01  0.000000E+00  -0.125000E+01  -0.645673E+01   0.000000E+00  -0.109277E+01   0.000000E+00   0.324424E-02
-0.606537E+01  0.678603E+00  -0.673878E-02  -0.603942E+01   0.452786E+00  -0.541695E-02  -0.338566E+00  -0.496459E-02
-0.606537E+01  0.669506E+00  -0.144879E+00  -0.603996E+01   0.445392E+00  -0.116675E+00  -0.331509E+00  -0.273308E-02
-0.606537E+01  0.643834E+00  -0.283019E+00  -0.604144E+01   0.424326E+00  -0.229055E+00  -0.312244E+00  -0.253911E-02
-0.606537E+01  0.601585E+00  -0.421159E+00  -0.604372E+01   0.389085E+00  -0.343419E+00  -0.282441E+00  -0.189043E-02
-0.606537E+01  0.542761E+00  -0.559299E+00  -0.604664E+01   0.339001E+00  -0.460307E+00  -0.244342E+00  -0.175679E-02
-0.606537E+01  0.467361E+00  -0.697439E+00  -0.605002E+01   0.273392E+00  -0.579929E+00  -0.200288E+00  -0.125354E-03
-0.606537E+01  0.375384E+00  -0.835580E+00  -0.605369E+01   0.191669E+00  -0.702236E+00  -0.152368E+00  -0.270112E-02
-0.606537E+01  0.266832E+00  -0.973720E+00  -0.605753E+01   0.933832E-01  -0.827015E+00  -0.102254E+00   0.738330E-02
-0.606537E+01  0.141704E+00  -0.111186E+01  -0.606145E+01   0.000000E+00  -0.953974E+00  -0.511811E-01  -0.703071E-02
-0.606537E+01  0.000000E+00  -0.125000E+01  -0.606537E+01   0.000000E+00  -0.108280E+01   0.000000E+00   0.341635E-02
-0.565202E+01  0.723950E+00  -0.129139E-01  -0.562766E+01   0.491636E+00  -0.101336E-01  -0.309336E+00  -0.934493E-02
-0.565202E+01  0.713550E+00  -0.150368E+00  -0.562823E+01   0.483385E+00  -0.118293E+00  -0.302073E+00   0.567056E-03
-0.565202E+01  0.685640E+00  -0.287822E+00  -0.562971E+01   0.460960E+00  -0.227891E+00  -0.283340E+00  -0.373705E-02
-0.565202E+01  0.640221E+00  -0.425276E+00  -0.563194E+01   0.423692E+00  -0.339936E+00  -0.254972E+00  -0.133690E-02
-0.565202E+01  0.577292E+00  -0.562730E+00  -0.563475E+01   0.370730E+00  -0.455005E+00  -0.219328E+00  -0.181006E-02
-0.565202E+01  0.496853E+00  -0.700184E+00  -0.563794E+01   0.301247E+00  -0.573255E+00  -0.178755E+00  -0.729342E-04
-0.565202E+01  0.398904E+00  -0.837638E+00  -0.564137E+01   0.214567E+00  -0.694540E+00  -0.135248E+00  -0.234105E-02
-0.565202E+01  0.283446E+00  -0.975092E+00  -0.564491E+01   0.110207E+00  -0.818541E+00  -0.903159E-01   0.696889E-02
-0.565202E+01  0.150478E+00  -0.111255E+01  -0.564848E+01   0.000000E+00  -0.944876E+00  -0.450083E-01  -0.704938E-02
-0.565202E+01  0.000000E+00  -0.125000E+01  -0.565202E+01   0.000000E+00  -0.107317E+01   0.000000E+00   0.354478E-02
-0.521546E+01  0.767528E+00  -0.116362E-01  -0.519280E+01   0.528539E+00  -0.890392E-02  -0.279890E+00  -0.135287E-01
-0.521546E+01  0.756654E+00  -0.149232E+00  -0.519335E+01   0.520127E+00  -0.114552E+00  -0.273082E+00   0.396406E-02
-0.521546E+01  0.727178E+00  -0.286828E+00  -0.519478E+01   0.496961E+00  -0.221950E+00  -0.255442E+00  -0.501172E-02
-0.521546E+01  0.679101E+00  -0.424424E+00  -0.519693E+01   0.458180E+00  -0.332299E+00  -0.228921E+00  -0.723681E-03
-0.521546E+01  0.612422E+00  -0.562020E+00  -0.519960E+01   0.402718E+00  -0.446222E+00  -0.195962E+00  -0.186770E-02
-0.521546E+01  0.527141E+00  -0.699616E+00  -0.520259E+01   0.329582E+00  -0.563817E+00  -0.158905E+00  -0.537889E-04
-0.521546E+01  0.423258E+00  -0.837212E+00  -0.520577E+01   0.238001E+00  -0.684823E+00  -0.119645E+00  -0.192935E-02
-0.521546E+01  0.300774E+00  -0.974808E+00  -0.520902E+01   0.127455E+00  -0.808809E+00  -0.795426E-01   0.619166E-02
-0.521546E+01  0.159688E+00  -0.111240E+01  -0.521226E+01   0.000000E+00  -0.935295E+00  -0.394842E-01  -0.666355E-02
-0.521546E+01  0.000000E+00  -0.125000E+01  -0.521546E+01   0.000000E+00  -0.106383E+01   0.000000E+00   0.354017E-02
-0.475436E+01  0.808866E+00  -0.126921E-01  -0.473355E+01   0.563039E+00  -0.946139E-02  -0.250199E+00  -0.696777E-02
-0.475436E+01  0.797274E+00  -0.150171E+00  -0.473409E+01   0.554301E+00  -0.112390E+00  -0.243751E+00  -0.705549E-03
-0.475436E+01  0.766111E+00  -0.287649E+00  -0.473546E+01   0.530345E+00  -0.217427E+00  -0.227276E+00  -0.292383E-02
-0.475436E+01  0.715378E+00  -0.425128E+00  -0.473750E+01   0.490090E+00  -0.325956E+00  -0.202794E+00  -0.134091E-02
-0.475436E+01  0.645075E+00  -0.562607E+00  -0.474000E+01   0.432247E+00  -0.438623E+00  -0.172751E+00  -0.150834E-02
-0.475436E+01  0.555201E+00  -0.700085E+00  -0.474277E+01   0.355660E+00  -0.555437E+00  -0.139400E+00  -0.133588E-03
-0.475436E+01  0.445757E+00  -0.837564E+00  -0.474567E+01   0.259478E+00  -0.676012E+00  -0.104482E+00  -0.158630E-02
-0.475436E+01  0.316741E+00  -0.975043E+00  -0.474861E+01   0.143163E+00  -0.799795E+00  -0.691802E-01   0.549839E-02
-0.475436E+01  0.168156E+00  -0.111252E+01  -0.475152E+01   0.642727E-02  -0.926215E+00  -0.342200E-01  -0.623678E-02
-0.475436E+01  0.000000E+00  -0.125000E+01  -0.475436E+01   0.000000E+00  -0.105476E+01   0.000000E+00   0.346609E-02
-0.426737E+01  0.847566E+00  -0.147334E-01  -0.424854E+01   0.594736E+00  -0.106916E-01  -0.220299E+00  -0.120887E-01
-0.426737E+01  0.835152E+00  -0.151985E+00  -0.424906E+01   0.585622E+00  -0.110835E+00  -0.214239E+00   0.407257E-02
-0.426737E+01  0.802298E+00  -0.289237E+00  -0.425035E+01   0.560915E+00  -0.213483E+00  -0.199091E+00  -0.480468E-02
-0.426737E+01  0.749004E+00  -0.426489E+00  -0.425225E+01   0.519296E+00  -0.320190E+00  -0.176877E+00  -0.405705E-03
-0.426737E+01  0.675270E+00  -0.563741E+00  -0.425455E+01   0.459241E+00  -0.431600E+00  -0.149968E+00  -0.163682E-02
-0.426737E+01  0.581096E+00  -0.700993E+00  -0.425707E+01   0.379444E+00  -0.547616E+00  -0.120465E+00  -0.302073E-04
-0.426737E+01  0.466482E+00  -0.838244E+00  -0.425969E+01   0.278988E+00  -0.667714E+00  -0.899152E-01  -0.136291E-02
-0.426737E+01  0.331428E+00  -0.975496E+00  -0.426230E+01   0.157328E+00  -0.791221E+00  -0.593195E-01   0.488662E-02
-0.426737E+01  0.175934E+00  -0.111275E+01  -0.426487E+01   0.142021E-01  -0.917478E+00  -0.292520E-01  -0.575953E-02
-0.426737E+01  0.000000E+00  -0.125000E+01  -0.426737E+01   0.000000E+00  -0.104591E+01   0.000000E+00   0.331770E-02
-0.375302E+01  0.883214E+00  -0.155827E-01  -0.373631E+01   0.623203E+00  -0.110015E-01  -0.190209E+00  -0.895478E-02
-0.375302E+01  0.870162E+00  -0.152740E+00  -0.373679E+01   0.613874E+00  -0.108479E+00  -0.184715E+00   0.197006E-02
-0.375302E+01  0.835839E+00  -0.289898E+00  -0.373798E+01   0.588627E+00  -0.208866E+00  -0.171145E+00  -0.362807E-02
-0.375302E+01  0.780246E+00  -0.427055E+00  -0.373971E+01   0.545889E+00  -0.313892E+00  -0.151454E+00  -0.617635E-03
-0.375302E+01  0.703381E+00  -0.564213E+00  -0.374179E+01   0.483896E+00  -0.424192E+00  -0.127870E+00  -0.137619E-02
-0.375302E+01  0.605247E+00  -0.701370E+00  -0.374403E+01   0.401191E+00  -0.539548E+00  -0.102295E+00  -0.440589E-04
-0.375302E+01  0.485841E+00  -0.838528E+00  -0.374634E+01   0.296800E+00  -0.659295E+00  -0.760720E-01  -0.115057E-02
-0.375302E+01  0.345165E+00  -0.975685E+00  -0.374862E+01   0.170178E+00  -0.782640E+00  -0.500270E-01   0.428994E-02
-0.375302E+01  0.183218E+00  -0.111284E+01  -0.375086E+01   0.210912E-01  -0.908842E+00  -0.246034E-01  -0.521654E-02
-0.375302E+01  0.000000E+00  -0.125000E+01  -0.375302E+01   0.000000E+00  -0.103727E+01   0.000000E+00   0.309626E-02
-0.320977E+01  0.915272E+00  -0.177224E-01  -0.319534E+01   0.647912E+00  -0.121702E-01  -0.159882E+00  -0.643872E-02
-0.320977E+01  0.901445E+00  -0.154642E+00  -0.319578E+01   0.638289E+00  -0.106956E+00  -0.154990E+00   0.348023E-03
-0.320977E+01  0.865650E+00  -0.291562E+00  -0.319685E+01   0.612521E+00  -0.205081E+00  -0.143165E+00  -0.259582E-02
-0.320977E+01  0.807888E+00  -0.428482E+00  -0.319838E+01   0.568771E+00  -0.308424E+00  -0.126216E+00  -0.760060E-03
-0.320977E+01  0.728159E+00  -0.565401E+00  -0.320019E+01   0.505047E+00  -0.417584E+00  -0.106145E+00  -0.113077E-02
-0.320977E+01  0.626462E+00  -0.702321E+00  -0.320213E+01   0.419761E+00  -0.532213E+00  -0.846039E-01  -0.402734E-04
-0.320977E+01  0.502798E+00  -0.839241E+00  -0.320411E+01   0.311895E+00  -0.651505E+00  -0.627131E-01  -0.987950E-03
-0.320977E+01  0.357166E+00  -0.976160E+00  -0.320606E+01   0.180917E+00  -0.774559E+00  -0.411290E-01   0.376443E-02
-0.320977E+01  0.189567E+00  -0.111308E+01  -0.320795E+01   0.266236E-01  -0.900555E+00  -0.201814E-01  -0.469307E-02
-0.320977E+01  0.000000E+00  -0.125000E+01  -0.320977E+01   0.000000E+00  -0.102882E+01   0.000000E+00   0.282951E-02
-0.263601E+01  0.943260E+00  -0.175537E-01  -0.262401E+01   0.668357E+00  -0.117263E-01  -0.129272E+00  -0.234179E-02
-0.263601E+01  0.929035E+00  -0.154492E+00  -0.262439E+01   0.658717E+00  -0.104060E+00  -0.125199E+00  -0.293351E-02
-0.263601E+01  0.892164E+00  -0.291431E+00  -0.262530E+01   0.632742E+00  -0.200131E+00  -0.115384E+00  -0.667463E-03
-0.263601E+01  0.832648E+00  -0.428369E+00  -0.262660E+01   0.588336E+00  -0.301986E+00  -0.101415E+00  -0.124407E-02
-0.263601E+01  0.750486E+00  -0.565308E+00  -0.262812E+01   0.523270E+00  -0.410194E+00  -0.850112E-01  -0.758591E-03
-0.263601E+01  0.645680E+00  -0.702246E+00  -0.262974E+01   0.435825E+00  -0.524281E+00  -0.675507E-01  -0.764935E-04
-0.263601E+01  0.518228E+00  -0.839185E+00  -0.263137E+01   0.324941E+00  -0.643306E+00  -0.499364E-01  -0.828296E-03
-0.263601E+01  0.368130E+00  -0.976123E+00  -0.263298E+01   0.190094E+00  -0.766258E+00  -0.326742E-01   0.323035E-02
-0.263601E+01  0.195388E+00  -0.111306E+01  -0.263452E+01   0.311080E-01  -0.892246E+00  -0.160021E-01  -0.411224E-02
-0.263601E+01  0.000000E+00  -0.125000E+01  -0.263601E+01   0.000000E+00  -0.102055E+01   0.000000E+00   0.249922E-02
-0.203001E+01  0.966513E+00  -0.170664E-01  -0.202064E+01   0.683879E+00  -0.110979E-01  -0.982342E-01   0.992210E-03
-0.203001E+01  0.952009E+00  -0.154059E+00  -0.202094E+01   0.674303E+00  -0.101121E+00  -0.950730E-01  -0.558959E-02
-0.203001E+01  0.914284E+00  -0.291052E+00  -0.202167E+01   0.648279E+00  -0.195253E+00  -0.874583E-01   0.111388E-02
-0.203001E+01  0.853336E+00  -0.428044E+00  -0.202270E+01   0.603463E+00  -0.295700E+00  -0.766781E-01  -0.164263E-02
-0.203001E+01  0.769168E+00  -0.565037E+00  -0.202390E+01   0.537409E+00  -0.403001E+00  -0.641045E-01  -0.387415E-03
-0.203001E+01  0.661778E+00  -0.702029E+00  -0.202516E+01   0.448273E+00  -0.516564E+00  -0.508103E-01  -0.974883E-04
-0.203001E+01  0.531166E+00  -0.839022E+00  -0.202644E+01   0.334956E+00  -0.635321E+00  -0.374785E-01  -0.676628E-03
-0.203001E+01  0.377332E+00  -0.976015E+00  -0.202768E+01   0.196944E+00  -0.758162E+00  -0.244773E-01   0.270288E-02
-0.203001E+01  0.200277E+00  -0.111301E+01  -0.202887E+01   0.340865E-01  -0.884131E+00  -0.119693E-01  -0.349493E-02
-0.203001E+01  0.000000E+00  -0.125000E+01  -0.203001E+01   0.000000E+00  -0.101247E+01   0.000000E+00   0.211169E-02
-0.138997E+01  0.984283E+00  -0.171940E-01  -0.138345E+01   0.693736E+00  -0.108988E-01  -0.665595E-01   0.191754E-02
-0.138997E+01  0.969493E+00  -0.154172E+00  -0.138366E+01   0.684207E+00  -0.987483E-01  -0.643722E-01  -0.563907E-02
-0.138997E+01  0.931060E+00  -0.291151E+00  -0.138417E+01   0.658213E+00  -0.191047E+00  -0.591249E-01   0.171438E-02
-0.138997E+01  0.868983E+00  -0.428129E+00  -0.138490E+01   0.613189E+00  -0.290130E+00  -0.517337E-01  -0.152582E-02
-0.138997E+01  0.783262E+00  -0.565108E+00  -0.138574E+01   0.546500E+00  -0.396509E+00  -0.431611E-01  -0.151377E-03
-0.138997E+01  0.673897E+00  -0.702086E+00  -0.138662E+01   0.456197E+00  -0.509485E+00  -0.341448E-01  -0.562995E-04
-0.138997E+01  0.540888E+00  -0.839065E+00  -0.138750E+01   0.341152E+00  -0.627880E+00  -0.251442E-01  -0.526765E-03
-0.138997E+01  0.384236E+00  -0.976043E+00  -0.138836E+01   0.200858E+00  -0.750501E+00  -0.163991E-01   0.214618E-02
-0.138997E+01  0.203940E+00  -0.111302E+01  -0.138918E+01   0.351844E-01  -0.876335E+00  -0.801003E-02  -0.279298E-02
-0.138997E+01  0.000000E+00  -0.125000E+01  -0.138997E+01   0.000000E+00  -0.100459E+01   0.000000E+00   0.164987E-02
-0.713972E+00  0.995720E+00  -0.175563E-01  -0.710552E+00   0.697073E+00  -0.108725E-01  -0.339537E-01   0.429492E-02
-0.713972E+00  0.980703E+00  -0.154494E+00  -0.710666E+00   0.687610E+00  -0.967711E-01  -0.328197E-01  -0.708873E-02
-0.713972E+00  0.941782E+00  -0.291433E+00  -0.710939E+00   0.661756E+00  -0.187400E+00  -0.301120E-01   0.313425E-02
-0.713972E+00  0.878955E+00  -0.428371E+00  -0.711322E+00   0.616770E+00  -0.285198E+00  -0.263127E-01  -0.170803E-02
-0.713972E+00  0.792224E+00  -0.565309E+00  -0.711764E+00   0.549866E+00  -0.390655E+00  -0.219229E-01   0.231003E-03
-0.713972E+00  0.681589E+00  -0.702247E+00  -0.712227E+00   0.459010E+00  -0.502993E+00  -0.173220E-01  -0.627698E-04
-0.713972E+00  0.547049E+00  -0.839185E+00  -0.712688E+00   0.343045E+00  -0.620948E+00  -0.127425E-01  -0.316476E-03
-0.713972E+00  0.388604E+00  -0.976124E+00  -0.713135E+00   0.201466E+00  -0.743261E+00  -0.830348E-02   0.144671E-02
-0.713972E+00  0.206254E+00  -0.111306E+01  -0.713564E+00   0.341564E-01  -0.868872E+00  -0.405293E-02  -0.187022E-02
-0.713972E+00  0.000000E+00  -0.125000E+01  -0.713972E+00   0.000000E+00  -0.996960E+00   0.000000E+00   0.106391E-02
 0.000000E+00  0.999792E+00  -0.180096E-01   0.000000E+00   0.701130E+00  -0.111247E-01   0.000000E+00   0.569415E-02
 0.000000E+00  0.984644E+00  -0.154897E+00   0.000000E+00   0.691607E+00  -0.967973E-01   0.000000E+00  -0.682514E-02
 0.000000E+00  0.945511E+00  -0.291785E+00   0.000000E+00   0.665652E+00  -0.187262E+00   0.000000E+00   0.361109E-02
 0.000000E+00  0.882393E+00  -0.428673E+00   0.000000E+00   0.620488E+00  -0.284965E+00   0.000000E+00  -0.145180E-02
 0.000000E+00  0.795290E+00  -0.565561E+00   0.000000E+00   0.553302E+00  -0.390381E+00   0.000000E+00   0.528210E-03
 0.000000E+00  0.684202E+00  -0.702449E+00   0.000000E+00   0.462054E+00  -0.502707E+00   0.000000E+00  -0.768965E-04
 0.000000E+00  0.549129E+00  -0.839337E+00   0.000000E+00   0.345589E+00  -0.620663E+00   0.000000E+00   0.334373E-04
 0.000000E+00  0.390071E+00  -0.976224E+00   0.000000E+00   0.203409E+00  -0.742978E+00   0.000000E+00   0.344273E-03
 0.000000E+00  0.207028E+00  -0.111311E+01   0.000000E+00   0.354057E-01  -0.868588E+00   0.000000E+00  -0.382941E-03
 0.000000E+00  0.000000E+00  -0.125000E+01   0.000000E+00   0.000000E+00  -0.996668E+00   0.000000E+00   0.230219E-03
 0.713972E+00  0.995690E+00  -0.188587E-01   0.710645E+00   0.705105E+00  -0.118729E-01   0.339513E-01   0.643990E-02
 0.713972E+00  0.980474E+00  -0.155652E+00   0.710757E+00   0.695362E+00  -0.990799E-01   0.328028E-01  -0.564282E-02
 0.713972E+00  0.941405E+00  -0.292446E+00   0.711023E+00   0.669042E+00  -0.190909E+00   0.300872E-01   0.349154E-02
 0.713972E+00  0.878481E+00  -0.429239E+00   0.711396E+00   0.623482E+00  -0.289708E+00   0.262863E-01  -0.935785E-03
 0.713972E+00  0.791703E+00  -0.566033E+00   0.711826E+00   0.555980E+00  -0.395944E+00   0.218989E-01   0.714513E-03
 0.713972E+00  0.681070E+00  -0.702826E+00   0.712276E+00   0.464571E+00  -0.508855E+00   0.173024E-01  -0.254898E-04
 0.713972E+00  0.546584E+00  -0.839620E+00   0.712724E+00   0.348135E+00  -0.627214E+00   0.127282E-01   0.306634E-03
 0.713972E+00  0.388243E+00  -0.976413E+00   0.713159E+00   0.206183E+00  -0.749801E+00   0.829429E-02  -0.571369E-03
 0.713972E+00  0.206049E+00  -0.111321E+01   0.713575E+00   0.386049E-01  -0.875589E+00   0.404854E-02   0.865449E-03
 0.713972E+00  0.000000E+00  -0.125000E+01   0.713972E+00   0.000000E+00  -0.100378E+01   0.000000E+00  -0.509640E-03
 0.138997E+01  0.984217E+00  -0.200186E-01   0.138362E+01   0.701526E+00  -0.128875E-01   0.665494E-01   0.710495E-02
 0.138997E+01  0.969002E+00  -0.156683E+00   0.138384E+01   0.691572E+00  -0.101908E+00   0.643012E-01  -0.471764E-02
 0.138997E+01  0.930251E+00  -0.293348E+00   0.138434E+01   0.664997E+00  -0.195296E+00   0.590205E-01   0.347660E-02
 0.138997E+01  0.867964E+00  -0.430012E+00   0.138505E+01   0.619314E+00  -0.295277E+00   0.516219E-01  -0.508097E-03
 0.138997E+01  0.782143E+00  -0.566677E+00   0.138586E+01   0.551979E+00  -0.402321E+00   0.430591E-01   0.880662E-03
 0.138997E+01  0.672785E+00  -0.703342E+00   0.138672E+01   0.461121E+00  -0.515744E+00   0.340617E-01   0.538512E-04
 0.138997E+01  0.539892E+00  -0.840006E+00   0.138758E+01   0.345656E+00  -0.634405E+00   0.250830E-01   0.479162E-03
 0.138997E+01  0.383464E+00  -0.976671E+00   0.138841E+01   0.205098E+00  -0.757152E+00   0.163598E-01  -0.119103E-02
 0.138997E+01  0.203500E+00  -0.111334E+01   0.138921E+01   0.393241E-01  -0.883007E+00   0.799124E-02   0.169870E-02
 0.138997E+01  0.000000E+00  -0.125000E+01   0.138997E+01   0.000000E+00  -0.101121E+01   0.000000E+00  -0.105683E-02
 0.203001E+01  0.966412E+00  -0.213208E-01   0.202090E+01   0.691432E+00  -0.140664E-01   0.982117E-01   0.767932E-02
 0.203001E+01  0.951279E+00  -0.157841E+00   0.202120E+01   0.681294E+00  -0.105111E+00   0.949176E-01  -0.396876E-02
 0.203001E+01  0.913085E+00  -0.294361E+00   0.202192E+01   0.654590E+00  -0.200209E+00   0.872294E-01   0.351747E-02
 0.203001E+01  0.851829E+00  -0.430881E+00   0.202292E+01   0.609045E+00  -0.301438E+00   0.764316E-01  -0.146881E-03
 0.203001E+01  0.767512E+00  -0.567400E+00   0.202408E+01   0.542310E+00  -0.409290E+00   0.638788E-01   0.103260E-02
 0.203001E+01  0.660133E+00  -0.703920E+00   0.202531E+01   0.452624E+00  -0.523178E+00   0.506254E-01   0.135673E-03
 0.203001E+01  0.529692E+00  -0.840440E+00   0.202654E+01   0.338939E+00  -0.642070E+00   0.373418E-01   0.609268E-03
 0.203001E+01  0.376190E+00  -0.976960E+00   0.202775E+01   0.200765E+00  -0.764897E+00   0.243892E-01  -0.167900E-02
 0.203001E+01  0.199626E+00  -0.111348E+01   0.202890E+01   0.379605E-01  -0.890741E+00   0.119270E-01   0.232900E-02
 0.203001E+01  0.000000E+00  -0.125000E+01   0.203001E+01   0.000000E+00  -0.101887E+01   0.000000E+00  -0.148953E-02
 0.263601E+01  0.943134E+00  -0.227309E-01   0.262434E+01   0.675682E+00  -0.153893E-01   0.129236E+00   0.823298E-02
 0.263601E+01  0.928163E+00  -0.159094E+00   0.262473E+01   0.665399E+00  -0.108611E+00   0.124955E+00  -0.339274E-02
 0.263601E+01  0.890737E+00  -0.295457E+00   0.262562E+01   0.638694E+00  -0.205529E+00   0.115024E+00   0.360331E-02
 0.263601E+01  0.830855E+00  -0.431821E+00   0.262689E+01   0.593533E+00  -0.308064E+00   0.101024E+00   0.155866E-03
 0.263601E+01  0.748518E+00  -0.568184E+00   0.262836E+01   0.527784E+00  -0.416728E+00   0.846514E-01   0.117505E-02
 0.263601E+01  0.643725E+00  -0.704547E+00   0.262994E+01   0.439807E+00  -0.531050E+00   0.672541E-01   0.208658E-03
 0.263601E+01  0.516477E+00  -0.840910E+00   0.263152E+01   0.328596E+00  -0.650119E+00   0.497160E-01   0.725064E-03
 0.263601E+01  0.366773E+00  -0.977274E+00   0.263307E+01   0.193655E+00  -0.772965E+00   0.325315E-01  -0.212098E-02
 0.263601E+01  0.194614E+00  -0.111364E+01   0.263457E+01   0.348165E-01  -0.898734E+00   0.159334E-01   0.286861E-02
 0.263601E+01  0.000000E+00  -0.125000E+01   0.263601E+01   0.000000E+00  -0.102674E+01   0.000000E+00  -0.185096E-02
 0.320977E+01  0.915113E+00  -0.241939E-01   0.319573E+01   0.655009E+00  -0.168199E-01   0.159825E+00   0.867136E-02
 0.320977E+01  0.900383E+00  -0.160395E+00   0.319619E+01   0.644628E+00  -0.112326E+00   0.154623E+00  -0.286813E-02
 0.320977E+01  0.863916E+00  -0.296595E+00   0.319724E+01   0.618055E+00  -0.211147E+00   0.142620E+00   0.367573E-02
 0.320977E+01  0.805711E+00  -0.432796E+00   0.319874E+01   0.573511E+00  -0.315037E+00   0.125621E+00   0.426845E-03
 0.320977E+01  0.725769E+00  -0.568997E+00   0.320050E+01   0.509092E+00  -0.424529E+00   0.105592E+00   0.130417E-02
 0.320977E+01  0.624090E+00  -0.705197E+00   0.320238E+01   0.423293E+00  -0.539271E+00   0.841446E-01   0.270512E-03
 0.320977E+01  0.500674E+00  -0.841398E+00   0.320429E+01   0.315151E+00  -0.658485E+00   0.623695E-01   0.842803E-03
 0.320977E+01  0.355520E+00  -0.977599E+00   0.320618E+01   0.184165E+00  -0.781306E+00   0.409053E-01  -0.256429E-02
 0.320977E+01  0.188628E+00  -0.111380E+01   0.320801E+01   0.301424E-01  -0.906954E+00   0.200733E-01   0.337667E-02
 0.320977E+01  0.000000E+00  -0.125000E+01   0.320977E+01   0.000000E+00  -0.103479E+01   0.000000E+00  -0.216291E-02
 0.375302E+01  0.882978E+00  -0.256812E-01   0.373677E+01   0.630043E+00  -0.183366E-01   0.190108E+00   0.898167E-02
 0.375302E+01  0.868566E+00  -0.161717E+00   0.373729E+01   0.619619E+00  -0.116196E+00   0.184056E+00  -0.236833E-02
 0.375302E+01  0.833230E+00  -0.297752E+00   0.373847E+01   0.593316E+00  -0.216982E+00   0.170162E+00   0.372200E-02
 0.375302E+01  0.776969E+00  -0.433787E+00   0.374017E+01   0.549608E+00  -0.322272E+00   0.150370E+00   0.673108E-03
 0.375302E+01  0.699785E+00  -0.569823E+00   0.374218E+01   0.486828E+00  -0.432616E+00   0.126852E+00   0.142092E-02
 0.375302E+01  0.601676E+00  -0.705858E+00   0.374435E+01   0.403610E+00  -0.547780E+00   0.101441E+00   0.319567E-03
 0.375302E+01  0.482643E+00  -0.841894E+00   0.374657E+01   0.299046E+00  -0.667124E+00   0.754283E-01   0.975477E-03
 0.375302E+01  0.342686E+00  -0.977929E+00   0.374878E+01   0.172631E+00  -0.789894E+00   0.496053E-01  -0.303769E-02
 0.375302E+01  0.181805E+00  -0.111396E+01   0.375093E+01   0.241467E-01  -0.915386E+00   0.243986E-01   0.388137E-02
 0.375302E+01  0.000000E+00  -0.125000E+01   0.375302E+01   0.000000E+00  -0.104301E+01   0.000000E+00  -0.243367E-02
 0.426737E+01  0.847286E+00  -0.270948E-01   0.424906E+01   0.601345E+00  -0.198645E-01   0.220160E+00   0.917281E-02
 0.426737E+01  0.833274E+00  -0.162973E+00   0.424963E+01   0.590946E+00  -0.120122E+00   0.213339E+00  -0.188526E-02
 0.426737E+01  0.799230E+00  -0.298852E+00   0.425092E+01   0.565056E+00  -0.222917E+00   0.197738E+00   0.373936E-02
 0.426737E+01  0.745153E+00  -0.434730E+00   0.425278E+01   0.522396E+00  -0.329656E+00   0.175370E+00   0.896974E-03
 0.426737E+01  0.671044E+00  -0.570608E+00   0.425502E+01   0.461531E+00  -0.440893E+00   0.148538E+00   0.152662E-02
 0.426737E+01  0.576901E+00  -0.706487E+00   0.425745E+01   0.381245E+00  -0.556504E+00   0.119254E+00   0.355017E-03
 0.426737E+01  0.462725E+00  -0.842365E+00   0.425997E+01   0.280689E+00  -0.675985E+00   0.889935E-01   0.113526E-02
 0.426737E+01  0.328516E+00  -0.978243E+00   0.426249E+01   0.159361E+00  -0.798697E+00   0.587112E-01  -0.355719E-02
 0.426737E+01  0.174275E+00  -0.111412E+01   0.426496E+01   0.170177E-01  -0.924020E+00   0.289549E-01   0.438632E-02
 0.426737E+01  0.000000E+00  -0.125000E+01   0.426737E+01   0.000000E+00  -0.105141E+01   0.000000E+00  -0.266116E-02
 0.475436E+01  0.808528E+00  -0.285228E-01   0.473413E+01   0.569411E+00  -0.214607E-01   0.250009E+00   0.923097E-02
 0.475436E+01  0.794983E+00  -0.164243E+00   0.473474E+01   0.559098E+00  -0.124127E+00   0.242498E+00  -0.140082E-02
 0.475436E+01  0.762366E+00  -0.299962E+00   0.473612E+01   0.533757E+00  -0.228957E+00   0.225374E+00   0.372085E-02
 0.475436E+01  0.710675E+00  -0.435682E+00   0.473812E+01   0.492338E+00  -0.337184E+00   0.200653E+00   0.110050E-02
 0.475436E+01  0.639911E+00  -0.571402E+00   0.474055E+01   0.433634E+00  -0.449356E+00   0.170695E+00   0.162123E-02
 0.475436E+01  0.550075E+00  -0.707121E+00   0.474323E+01   0.356580E+00  -0.565446E+00   0.137639E+00   0.375458E-03
 0.475436E+01  0.441166E+00  -0.842841E+00   0.474602E+01   0.260396E+00  -0.685079E+00   0.103128E+00   0.133608E-02
 0.475436E+01  0.313183E+00  -0.978561E+00   0.474884E+01   0.144590E+00  -0.807733E+00   0.682790E-01  -0.413091E-02
 0.475436E+01  0.166128E+00  -0.111428E+01   0.475163E+01   0.890069E-02  -0.932873E+00   0.337769E-01   0.487624E-02
 0.475436E+01  0.000000E+00  -0.125000E+01   0.475436E+01   0.000000E+00  -0.106002E+01   0.000000E+00  -0.283580E-02
 0.521546E+01  0.767151E+00  -0.300576E-01   0.519343E+01   0.534689E+00  -0.231925E-01   0.279651E+00   0.918081E-02
 0.521546E+01  0.754121E+00  -0.165607E+00   0.519407E+01   0.524518E+00  -0.128247E+00   0.271521E+00  -0.937397E-03
 0.521546E+01  0.723040E+00  -0.301156E+00   0.519553E+01   0.499853E+00  -0.235117E+00   0.253055E+00   0.367458E-02
 0.521546E+01  0.673905E+00  -0.436705E+00   0.519764E+01   0.459854E+00  -0.344862E+00   0.226205E+00   0.127789E-02
 0.521546E+01  0.606719E+00  -0.572254E+00   0.520023E+01   0.403527E+00  -0.458009E+00   0.193321E+00   0.170572E-02
 0.521546E+01  0.521480E+00  -0.707803E+00   0.520312E+01   0.329961E+00  -0.574615E+00   0.156615E+00   0.377715E-03
 0.521546E+01  0.418189E+00  -0.843353E+00   0.520617E+01   0.238454E+00  -0.694423E+00   0.117866E+00   0.159467E-02
 0.521546E+01  0.296845E+00  -0.978902E+00   0.520929E+01   0.128535E+00  -0.817023E+00   0.783468E-01  -0.475846E-02
 0.521546E+01  0.157449E+00  -0.111445E+01   0.521239E+01   0.000000E+00  -0.941972E+00   0.388917E-01   0.531469E-02
 0.521546E+01  0.000000E+00  -0.125000E+01   0.521546E+01   0.000000E+00  -0.106885E+01   0.000000E+00  -0.294234E-02
 0.565202E+01  0.723569E+00  -0.314501E-01   0.562834E+01   0.497596E+00  -0.248638E-01   0.309067E+00   0.906176E-02
 0.565202E+01  0.711128E+00  -0.166845E+00   0.562900E+01   0.487646E+00  -0.132289E+00   0.300404E+00  -0.518582E-03
 0.565202E+01  0.681698E+00  -0.302239E+00   0.563051E+01   0.463799E+00  -0.241205E+00   0.280779E+00   0.360939E-02
 0.565202E+01  0.635280E+00  -0.437633E+00   0.563271E+01   0.425400E+00  -0.352511E+00   0.252029E+00   0.142520E-02
 0.565202E+01  0.571872E+00  -0.573028E+00   0.563544E+01   0.371653E+00  -0.466700E+00   0.216431E+00   0.177996E-02
 0.565202E+01  0.491476E+00  -0.708422E+00   0.563852E+01   0.301797E+00  -0.583892E+00   0.176213E+00   0.360974E-03
 0.565202E+01  0.394090E+00  -0.843817E+00   0.564181E+01   0.215214E+00  -0.703934E+00   0.133249E+00   0.191861E-02
 0.565202E+01  0.279716E+00  -0.979211E+00   0.564520E+01   0.111464E+00  -0.826525E+00   0.889594E-01  -0.540997E-02
 0.565202E+01  0.148352E+00  -0.111461E+01   0.564862E+01   0.000000E+00  -0.951309E+00   0.443304E-01   0.566146E-02
 0.565202E+01  0.000000E+00  -0.125000E+01   0.565202E+01   0.000000E+00  -0.107793E+01   0.000000E+00  -0.297247E-02
 0.606537E+01  0.678162E+00  -0.325754E-01   0.604015E+01   0.458513E+00  -0.263602E-01   0.338221E+00   0.886607E-02
 0.606537E+01  0.666387E+00  -0.167845E+00   0.604083E+01   0.448874E+00  -0.136132E+00   0.329118E+00  -0.134334E-03
 0.606537E+01  0.638718E+00  -0.303114E+00   0.604236E+01   0.425989E+00  -0.247104E+00   0.308514E+00   0.352231E-02
 0.606537E+01  0.595155E+00  -0.438384E+00   0.604463E+01   0.389366E+00  -0.360020E+00   0.278094E+00   0.154360E-02
 0.606537E+01  0.535698E+00  -0.573653E+00   0.604747E+01   0.338384E+00  -0.475332E+00   0.240003E+00   0.184016E-02
 0.606537E+01  0.460347E+00  -0.708922E+00   0.605072E+01   0.272426E+00  -0.593202E+00   0.196426E+00   0.327003E-03
 0.606537E+01  0.369101E+00  -0.844192E+00   0.605423E+01   0.190965E+00  -0.713565E+00   0.149293E+00   0.229667E-02
 0.606537E+01  0.261962E+00  -0.979461E+00   0.605790E+01   0.935992E-01  -0.836219E+00   0.100143E+00  -0.601231E-02
 0.606537E+01  0.138928E+00  -0.111473E+01   0.606163E+01   0.000000E+00  -0.960895E+00   0.501162E-01   0.586677E-02
 0.606537E+01  0.000000E+00  -0.125000E+01   0.606537E+01   0.000000E+00  -0.108731E+01   0.000000E+00  -0.292375E-02
 0.645673E+01  0.631272E+00  -0.335028E-01   0.643009E+01   0.417788E+00  -0.277194E-01   0.367063E+00   0.857452E-02
 0.645673E+01  0.620223E+00  -0.168669E+00   0.643078E+01   0.408537E+00  -0.139798E+00   0.357603E+00   0.224403E-03
 0.645673E+01  0.594402E+00  -0.303836E+00   0.643233E+01   0.386748E+00  -0.252818E+00   0.336187E+00   0.340970E-02
 0.645673E+01  0.553807E+00  -0.439002E+00   0.643465E+01   0.352061E+00  -0.367386E+00   0.304315E+00   0.163320E-02
 0.645673E+01  0.498439E+00  -0.574168E+00   0.643758E+01   0.304010E+00  -0.483899E+00   0.263957E+00   0.188023E-02
 0.645673E+01  0.428297E+00  -0.709335E+00   0.644097E+01   0.242112E+00  -0.602543E+00   0.217196E+00   0.277171E-03
 0.645673E+01  0.343383E+00  -0.844501E+00   0.644469E+01   0.165931E+00  -0.723324E+00   0.165966E+00   0.269663E-02
 0.645673E+01  0.243695E+00  -0.979667E+00   0.644861E+01   0.751172E-01  -0.846125E+00   0.111894E+00  -0.644777E-02
 0.645673E+01  0.129234E+00  -0.111483E+01   0.645265E+01   0.000000E+00  -0.970758E+00   0.562573E-01   0.584728E-02
 0.645673E+01  0.000000E+00  -0.125000E+01   0.645673E+01   0.000000E+00  -0.109701E+01   0.000000E+00  -0.279068E-02
 0.682727E+01  0.583214E+00  -0.343388E-01   0.679935E+01   0.375738E+00  -0.290162E-01   0.395537E+00   0.822022E-02
 0.682727E+01  0.572933E+00  -0.169412E+00   0.680003E+01   0.366941E+00  -0.143341E+00   0.385786E+00   0.536366E-03
 0.682727E+01  0.549023E+00  -0.304486E+00   0.680159E+01   0.346366E+00  -0.258386E+00   0.363700E+00   0.327721E-02
 0.682727E+01  0.511482E+00  -0.439559E+00   0.680393E+01   0.313760E+00  -0.374630E+00   0.330580E+00   0.169087E-02
 0.682727E+01  0.460311E+00  -0.574633E+00   0.680693E+01   0.268789E+00  -0.492414E+00   0.288177E+00   0.189251E-02
 0.682727E+01  0.395509E+00  -0.709706E+00   0.681044E+01   0.211091E+00  -0.611927E+00   0.238425E+00   0.216810E-03
 0.682727E+01  0.317077E+00  -0.844780E+00   0.681434E+01   0.140321E+00  -0.733226E+00   0.183203E+00   0.304299E-02
 0.682727E+01  0.225015E+00  -0.979853E+00   0.681850E+01   0.561854E-01  -0.856265E+00   0.124180E+00  -0.653921E-02
 0.682727E+01  0.119323E+00  -0.111493E+01   0.682284E+01   0.000000E+00  -0.980931E+00   0.627473E-01   0.551366E-02
 0.682727E+01  0.000000E+00  -0.125000E+01   0.682727E+01   0.000000E+00  -0.110707E+01   0.000000E+00  -0.257515E-02
 0.717810E+01  0.534281E+00  -0.350388E-01   0.714901E+01   0.332659E+00  -0.302036E-01   0.423588E+00   0.783563E-02
 0.717810E+01  0.524808E+00  -0.170034E+00   0.714969E+01   0.324382E+00  -0.146710E+00   0.413607E+00   0.787467E-03
 0.717810E+01  0.502861E+00  -0.305030E+00   0.715125E+01   0.305133E+00  -0.263751E+00   0.390977E+00   0.312873E-02
 0.717810E+01  0.468442E+00  -0.440026E+00   0.715359E+01   0.274746E+00  -0.381692E+00   0.356789E+00   0.171801E-02
 0.717810E+01  0.421550E+00  -0.575022E+00   0.715663E+01   0.232993E+00  -0.500814E+00   0.312556E+00   0.186998E-02
 0.717810E+01  0.362186E+00  -0.710017E+00   0.716024E+01   0.179616E+00  -0.621298E+00   0.260013E+00   0.163262E-03
 0.717810E+01  0.290348E+00  -0.845013E+00   0.716430E+01   0.114360E+00  -0.743232E+00   0.200927E+00   0.320311E-02
 0.717810E+01  0.206038E+00  -0.980009E+00   0.716870E+01   0.369913E-01  -0.866623E+00   0.136959E+00  -0.607437E-02
 0.717810E+01  0.109256E+00  -0.111500E+01   0.717333E+01   0.000000E+00  -0.991420E+00   0.695734E-01   0.480027E-02
 0.717810E+01  0.000000E+00  -0.125000E+01   0.717810E+01   0.000000E+00  -0.111753E+01   0.000000E+00  -0.228884E-02
 0.751028E+01  0.484746E+00  -0.354871E-01   0.748012E+01   0.288825E+00  -0.311697E-01   0.451166E+00   0.742481E-02
 0.751028E+01  0.476118E+00  -0.170433E+00   0.748080E+01   0.281135E+00  -0.149797E+00   0.441014E+00   0.982085E-03
 0.751028E+01  0.456182E+00  -0.305379E+00   0.748234E+01   0.263322E+00  -0.268806E+00   0.417948E+00   0.296339E-02
 0.751028E+01  0.424938E+00  -0.440325E+00   0.748469E+01   0.235283E+00  -0.388467E+00   0.382852E+00   0.172214E-02
 0.751028E+01  0.382385E+00  -0.575271E+00   0.748775E+01   0.196875E+00  -0.509001E+00   0.336985E+00   0.181140E-02
 0.751028E+01  0.328525E+00  -0.710217E+00   0.749144E+01   0.147930E+00  -0.630569E+00   0.281848E+00   0.154394E-03
 0.751028E+01  0.263356E+00  -0.845162E+00   0.749564E+01   0.882697E-01  -0.753273E+00   0.219046E+00   0.301618E-02
 0.751028E+01  0.186879E+00  -0.980108E+00   0.750024E+01   0.177237E-01  -0.877157E+00   0.150171E+00  -0.492178E-02
 0.751028E+01  0.990934E-01  -0.111505E+01   0.750515E+01   0.000000E+00  -0.100222E+01   0.767114E-01   0.372901E-02
 0.751028E+01  0.000000E+00  -0.125000E+01   0.751028E+01   0.000000E+00  -0.112842E+01   0.000000E+00  -0.195354E-02
 0.782478E+01  0.434853E+00  -0.356151E-01   0.779368E+01   0.244484E+00  -0.318382E-01   0.478219E+00   0.700023E-02
 0.782478E+01  0.427105E+00  -0.170547E+00   0.779435E+01   0.237445E+00  -0.152528E+00   0.467950E+00   0.111298E-02
 0.782478E+01  0.409215E+00  -0.305478E+00   0.779587E+01   0.221167E+00  -0.273478E+00   0.444537E+00   0.278497E-02
 0.782478E+01  0.381182E+00  -0.440410E+00   0.779820E+01   0.195595E+00  -0.394879E+00   0.408665E+00   0.171044E-02
 0.782478E+01  0.343007E+00  -0.575342E+00   0.780128E+01   0.160651E+00  -0.516896E+00   0.361337E+00   0.172595E-02
 0.782478E+01  0.294690E+00  -0.710273E+00   0.780502E+01   0.116235E+00  -0.639665E+00   0.303796E+00   0.246023E-03
 0.782478E+01  0.236231E+00  -0.845205E+00   0.780934E+01   0.622406E-01  -0.763285E+00   0.237438E+00   0.241224E-02
 0.782478E+01  0.167630E+00  -0.980137E+00   0.781414E+01   0.000000E+00  -0.887821E+00   0.163727E+00  -0.323126E-02
 0.782478E+01  0.888859E-01  -0.111507E+01   0.781931E+01   0.000000E+00  -0.101331E+01   0.841181E-01   0.247537E-02
 0.782478E+01  0.000000E+00  -0.125000E+01   0.782478E+01   0.000000E+00  -0.113975E+01   0.000000E+00  -0.159766E-02
 0.812256E+01  0.384833E+00  -0.350142E-01   0.809062E+01   0.199869E+00  -0.318215E-01   0.504712E+00   0.652778E-02
 0.812256E+01  0.378011E+00  -0.170013E+00   0.809127E+01   0.193554E+00  -0.154553E+00   0.494403E+00   0.119611E-02
 0.812256E+01  0.362204E+00  -0.305011E+00   0.809277E+01   0.178914E+00  -0.277451E+00   0.470733E+00   0.259352E-02
 0.812256E+01  0.337413E+00  -0.440010E+00   0.809508E+01   0.155927E+00  -0.400643E+00   0.434200E+00   0.169111E-02
 0.812256E+01  0.303638E+00  -0.575008E+00   0.809816E+01   0.124557E+00  -0.524245E+00   0.385558E+00   0.162299E-02
 0.812256E+01  0.260879E+00  -0.710006E+00   0.810194E+01   0.847619E-01  -0.648363E+00   0.325780E+00   0.481027E-03
 0.812256E+01  0.209136E+00  -0.845005E+00   0.810636E+01   0.364875E-01  -0.773086E+00   0.256020E+00   0.157825E-02
 0.812256E+01  0.148408E+00  -0.980003E+00   0.811132E+01   0.000000E+00  -0.898486E+00   0.177558E+00  -0.160903E-02
 0.812256E+01  0.786961E-01  -0.111500E+01   0.811675E+01   0.000000E+00  -0.102462E+01   0.917557E-01   0.135215E-02
 0.812256E+01  0.000000E+00  -0.125000E+01   0.812256E+01   0.000000E+00  -0.115152E+01   0.000000E+00  -0.125243E-02
 0.840450E+01  0.334882E+00  -0.338203E-01   0.837182E+01   0.155178E+00  -0.312133E-01   0.530596E+00   0.601897E-02
 0.840450E+01  0.329005E+00  -0.168951E+00   0.837246E+01   0.149639E+00  -0.155952E+00   0.520306E+00   0.122109E-02
 0.840450E+01  0.315295E+00  -0.304082E+00   0.837393E+01   0.136716E+00  -0.280789E+00   0.496437E+00   0.240041E-02
 0.840450E+01  0.293752E+00  -0.439214E+00   0.837621E+01   0.116407E+00  -0.405801E+00   0.459321E+00   0.166081E-02
 0.840450E+01  0.264376E+00  -0.574345E+00   0.837928E+01   0.887090E-01  -0.531065E+00   0.409475E+00   0.151606E-02
 0.840450E+01  0.227167E+00  -0.709476E+00   0.838309E+01   0.536160E-01  -0.656657E+00   0.347606E+00   0.769611E-03
 0.840450E+01  0.182125E+00  -0.844607E+00   0.838759E+01   0.111180E-01  -0.782650E+00   0.274598E+00   0.904736E-03
 0.840450E+01  0.129249E+00  -0.979738E+00   0.839271E+01   0.000000E+00  -0.909111E+00   0.191506E+00  -0.510742E-03
 0.840450E+01  0.685413E-01  -0.111487E+01   0.839837E+01   0.000000E+00  -0.103610E+01   0.995320E-01   0.581619E-03
 0.840450E+01  0.000000E+00  -0.125000E+01   0.840450E+01   0.000000E+00  -0.116368E+01   0.000000E+00  -0.946468E-03
 0.867144E+01  0.285182E+00  -0.317793E-01   0.863813E+01   0.110598E+00  -0.297528E-01   0.555841E+00   0.544765E-02
 0.867144E+01  0.280264E+00  -0.167137E+00   0.863875E+01   0.105878E+00  -0.156491E+00   0.545639E+00   0.119919E-02
 0.867144E+01  0.268654E+00  -0.302495E+00   0.864019E+01   0.947387E-01  -0.283279E+00   0.521625E+00   0.222205E-02
 0.867144E+01  0.250352E+00  -0.437853E+00   0.864244E+01   0.771908E-01  -0.410158E+00   0.483981E+00   0.162090E-02
 0.867144E+01  0.225358E+00  -0.573211E+00   0.864550E+01   0.532499E-01  -0.537176E+00   0.433011E+00   0.142738E-02
 0.867144E+01  0.193671E+00  -0.708569E+00   0.864932E+01   0.229346E-01  -0.664379E+00   0.369161E+00   0.956947E-03
 0.867144E+01  0.155292E+00  -0.843926E+00   0.865388E+01   0.000000E+00  -0.791823E+00   0.293041E+00   0.604614E-03
 0.867144E+01  0.110220E+00  -0.979284E+00   0.865913E+01   0.000000E+00  -0.919563E+00   0.205444E+00   0.291118E-04
 0.867144E+01  0.584563E-01  -0.111464E+01   0.866501E+01   0.000000E+00  -0.104766E+01   0.107365E+00   0.191458E-03
 0.867144E+01  0.000000E+00  -0.125000E+01   0.867144E+01   0.000000E+00  -0.117618E+01   0.000000E+00  -0.689685E-03
 0.892419E+01  0.235895E+00  -0.284675E-01   0.889034E+01   0.662917E-01  -0.270089E-01   0.580422E+00   0.475004E-02
 0.892419E+01  0.231945E+00  -0.164193E+00   0.889093E+01   0.624286E-01  -0.155785E+00   0.570411E+00   0.117792E-02
 0.892419E+01  0.222430E+00  -0.299919E+00   0.889233E+01   0.531294E-01  -0.284580E+00   0.546315E+00   0.207464E-02
 0.892419E+01  0.207350E+00  -0.435645E+00   0.889456E+01   0.384110E-01  -0.413411E+00   0.508188E+00   0.157958E-02
 0.892419E+01  0.186704E+00  -0.571371E+00   0.889759E+01   0.182993E-01  -0.542302E+00   0.456143E+00   0.138521E-02
 0.892419E+01  0.160494E+00  -0.707097E+00   0.890142E+01   0.000000E+00  -0.671281E+00   0.390386E+00   0.957092E-03
 0.892419E+01  0.128718E+00  -0.842823E+00   0.890604E+01   0.000000E+00  -0.800383E+00   0.311254E+00   0.588885E-03
 0.892419E+01  0.913772E-01  -0.978548E+00   0.891140E+01   0.000000E+00  -0.929652E+00   0.219268E+00   0.222702E-03
 0.892419E+01  0.484712E-01  -0.111427E+01   0.891747E+01   0.000000E+00  -0.105914E+01   0.115177E+00   0.672058E-04
 0.892419E+01  0.000000E+00  -0.125000E+01   0.892419E+01   0.000000E+00  -0.118890E+01   0.000000E+00  -0.474389E-03
 0.916349E+01  0.187163E+00  -0.229429E-01   0.912920E+01   0.224052E-01  -0.220370E-01   0.604320E+00   0.378053E-02
 0.916349E+01  0.184186E+00  -0.159283E+00   0.912975E+01   0.194329E-01  -0.152994E+00   0.594691E+00   0.132520E-02
 0.916349E+01  0.176755E+00  -0.295622E+00   0.913111E+01   0.120206E-01  -0.283952E+00   0.570628E+00   0.190063E-02
 0.916349E+01  0.164868E+00  -0.431962E+00   0.913330E+01   0.187591E-03  -0.414914E+00   0.532082E+00   0.151409E-02
 0.916349E+01  0.148527E+00  -0.568302E+00   0.913631E+01   0.000000E+00  -0.545889E+00   0.478999E+00   0.126485E-02
 0.916349E+01  0.127731E+00  -0.704641E+00   0.914015E+01   0.000000E+00  -0.676890E+00   0.411370E+00   0.949762E-03
 0.916349E+01  0.102480E+00  -0.840981E+00   0.914481E+01   0.000000E+00  -0.807938E+00   0.329276E+00   0.609769E-03
 0.916349E+01  0.727750E-01  -0.977321E+00   0.915027E+01   0.000000E+00  -0.939062E+00   0.232970E+00   0.277191E-03
 0.916349E+01  0.386148E-01  -0.111366E+01   0.915651E+01   0.000000E+00  -0.107030E+01   0.122941E+00   0.592774E-04
 0.916349E+01  0.000000E+00  -0.125000E+01   0.916349E+01   0.000000E+00  -0.120171E+01   0.000000E+00  -0.293271E-03
 0.939006E+01  0.139109E+00  -0.128511E-01   0.935542E+01   0.000000E+00  -0.124849E-01   0.627517E+00   0.234802E-02
 0.939006E+01  0.137112E+00  -0.150312E+00   0.935590E+01   0.000000E+00  -0.146027E+00   0.618693E+00   0.153607E-02
 0.939006E+01  0.131750E+00  -0.287773E+00   0.935722E+01   0.000000E+00  -0.279563E+00   0.594948E+00   0.158490E-02
 0.939006E+01  0.123023E+00  -0.425234E+00   0.935936E+01   0.000000E+00  -0.413089E+00   0.556146E+00   0.139429E-02
 0.939006E+01  0.110932E+00  -0.562695E+00   0.936234E+01   0.000000E+00  -0.546604E+00   0.502096E+00   0.117204E-02
 0.939006E+01  0.954751E-01  -0.700156E+00   0.936618E+01   0.000000E+00  -0.680112E+00   0.432599E+00   0.887193E-03
 0.939006E+01  0.766536E-01  -0.837617E+00   0.937088E+01   0.000000E+00  -0.813625E+00   0.347510E+00   0.563710E-03
 0.939006E+01  0.544673E-01  -0.975078E+00   0.937643E+01   0.000000E+00  -0.947160E+00   0.246826E+00   0.260690E-03
 0.939006E+01  0.289161E-01  -0.111254E+01   0.938284E+01   0.000000E+00  -0.108075E+01   0.130789E+00   0.664109E-04
 0.939006E+01  0.000000E+00  -0.125000E+01   0.939006E+01   0.000000E+00  -0.121442E+01   0.000000E+00  -0.150979E-03
 0.960458E+01  0.918223E-01   0.805788E-02   0.956967E+01   0.000000E+00   0.805788E-02   0.649891E+00   0.145019E-02
 0.960458E+01  0.908026E-01  -0.131726E+00   0.957004E+01   0.000000E+00  -0.129318E+00   0.642942E+00   0.136205E-02
 0.960458E+01  0.874901E-01  -0.271511E+00   0.957126E+01   0.000000E+00  -0.266541E+00   0.620302E+00   0.129340E-02
 0.960458E+01  0.818812E-01  -0.411295E+00   0.957333E+01   0.000000E+00  -0.403751E+00   0.581748E+00   0.114447E-02
 0.960458E+01  0.739757E-01  -0.551079E+00   0.957627E+01   0.000000E+00  -0.540944E+00   0.526976E+00   0.936630E-03
 0.960458E+01  0.637736E-01  -0.690863E+00   0.958011E+01   0.000000E+00  -0.678120E+00   0.455622E+00   0.682404E-03
 0.960458E+01  0.512750E-01  -0.830647E+00   0.958485E+01   0.000000E+00  -0.815284E+00   0.367337E+00   0.413550E-03
 0.960458E+01  0.364799E-01  -0.970432E+00   0.959051E+01   0.000000E+00  -0.952445E+00   0.261892E+00   0.185504E-03
 0.960458E+01  0.193882E-01  -0.111022E+01   0.959710E+01   0.000000E+00  -0.108962E+01   0.139305E+00   0.515301E-04
 0.960458E+01  0.000000E+00  -0.125000E+01   0.960458E+01   0.000000E+00  -0.122684E+01   0.000000E+00  -0.571012E-04
 0.980769E+01  0.454197E-01   0.488862E-01   0.977260E+01   0.000000E+00   0.488862E-01   0.671444E+00   0.771433E-03
 0.980769E+01  0.451550E-01  -0.954345E-01   0.977279E+01   0.000000E+00  -0.945964E-01   0.667719E+00   0.825138E-03
 0.980769E+01  0.437488E-01  -0.239755E+00   0.977383E+01   0.000000E+00  -0.237646E+00   0.647882E+00   0.778260E-03
 0.980769E+01  0.411317E-01  -0.384076E+00   0.977577E+01   0.000000E+00  -0.380689E+00   0.610730E+00   0.677764E-03
 0.980769E+01  0.373037E-01  -0.528397E+00   0.977864E+01   0.000000E+00  -0.523720E+00   0.555867E+00   0.538607E-03
 0.980769E+01  0.322648E-01  -0.672717E+00   0.978246E+01   0.000000E+00  -0.666739E+00   0.482785E+00   0.377556E-03
 0.980769E+01  0.260149E-01  -0.817038E+00   0.978726E+01   0.000000E+00  -0.809746E+00   0.390945E+00   0.219170E-03
 0.980769E+01  0.185542E-01  -0.961359E+00   0.979306E+01   0.000000E+00  -0.952745E+00   0.279904E+00   0.936122E-04
 0.980769E+01  0.988256E-02  -0.110568E+01   0.979988E+01   0.000000E+00  -0.109575E+01   0.149489E+00   0.238883E-04
 0.980769E+01  0.000000E+00  -0.125000E+01   0.980769E+01   0.000000E+00  -0.123876E+01   0.000000E+00  -0.113337E-04
 0.100000E+02  0.000000E+00   0.127455E+00   0.999845E+01   0.000000E+00   0.127455E+00   0.296622E+01   0.283088E-05
 0.100000E+02  0.000000E+00  -0.255955E-01   0.999845E+01   0.000000E+00  -0.255955E-01   0.296622E+01   0.302313E-05
 0.100000E+02  0.000000E+00  -0.178646E+00   0.999845E+01   0.000000E+00  -0.178646E+00   0.296622E+01   0.308189E-05
 0.100000E+02  0.000000E+00  -0.331697E+00   0.999845E+01   0.000000E+00  -0.331697E+00   0.296622E+01   0.312689E-05
 0.100000E+02  0.000000E+00  -0.484747E+00   0.999845E+01   0.000000E+00  -0.484747E+00   0.296622E+01   0.317855E-05
 0.100000E+02  0.000000E+00  -0.637798E+00   0.999845E+01   0.000000E+00  -0.637798E+00   0.296622E+01   0.323759E-05
 0.100000E+02  0.000000E+00  -0.790848E+00   0.999845E+01   0.000000E+00  -0.790848E+00   0.296622E+01   0.329924E-05
 0.100000E+02  0.000000E+00  -0.943899E+00   0.999845E+01   0.000000E+00  -0.943899E+00   0.296622E+01   0.335674E-05
 0.100000E+02  0.000000E+00  -0.109695E+01   0.999845E+01   0.000000E+00  -0.109695E+01   0.296622E+01   0.340433E-05
 0.100000E+02  0.000000E+00  -0.125000E+01   0.999845E+01   0.000000E+00  -0.125000E+01   0.296622E+01   0.343962E-05
