Body data file part 2
n1,n2,n3 = unit normals
 n1            n2             n3
 0.100000E+01  0.000000E+00   0.000000E+00
 0.100000E+01  0.000000E+00   0.000000E+00
 0.100000E+01  0.000000E+00   0.000000E+00
 0.100000E+01  0.000000E+00   0.000000E+00
 0.100000E+01  0.000000E+00   0.000000E+00
 0.100000E+01  0.000000E+00   0.000000E+00
 0.100000E+01  0.000000E+00   0.000000E+00
 0.100000E+01  0.000000E+00   0.000000E+00
 0.100000E+01  0.000000E+00   0.000000E+00
 0.100000E+01  0.000000E+00   0.000000E+00
 0.226364E+00 -0.974043E+00   0.000000E+00
 0.225768E+00 -0.974174E+00   0.372172E-02
 0.220053E+00 -0.975412E+00   0.121212E-01
 0.208216E+00 -0.977867E+00   0.205676E-01
 0.190120E+00 -0.981330E+00   0.290862E-01
 0.165587E+00 -0.985475E+00   0.376904E-01
 0.134419E+00 -0.989839E+00   0.463763E-01
 0.964509E-01 -0.993811E+00   0.551155E-01
 0.516104E-01 -0.996624E+00   0.638489E-01
 0.000000E+00 -0.997370E+00   0.724804E-01
 0.219098E+00 -0.975703E+00   0.000000E+00
 0.219096E+00 -0.975703E+00   0.366923E-03
 0.215681E+00 -0.976293E+00   0.182503E-01
 0.205666E+00 -0.977953E+00   0.361950E-01
 0.188946E+00 -0.980488E+00   0.542488E-01
 0.165365E+00 -0.983569E+00   0.724358E-01
 0.134753E+00 -0.986715E+00   0.907416E-01
 0.969766E-01 -0.989289E+00   0.109100E+00
 0.520047E-01 -0.990490E+00   0.127375E+00
 0.000000E+00 -0.989380E+00   0.145355E+00
 0.211576E+00 -0.977361E+00   0.000000E+00
 0.211576E+00 -0.977361E+00   0.000000E+00
 0.209374E+00 -0.977578E+00   0.224348E-01
 0.200478E+00 -0.978403E+00   0.503590E-01
 0.184689E+00 -0.979668E+00   0.783654E-01
 0.161905E+00 -0.981047E+00   0.106456E+00
 0.132026E+00 -0.982068E+00   0.134577E+00
 0.950016E-01 -0.982109E+00   0.162594E+00
 0.509029E-01 -0.980410E+00   0.190275E+00
 0.000000E+00 -0.976109E+00   0.217280E+00
 0.203803E+00 -0.979012E+00   0.000000E+00
 0.203803E+00 -0.979012E+00   0.000000E+00
 0.201072E+00 -0.978989E+00   0.339208E-01
 0.191837E+00 -0.978858E+00   0.709609E-01
 0.176051E+00 -0.978443E+00   0.107960E+00
 0.153687E+00 -0.977446E+00   0.144841E+00
 0.124753E+00 -0.975453E+00   0.181461E+00
 0.893281E-01 -0.971944E+00   0.217592E+00
 0.476162E-01 -0.966319E+00   0.252903E+00
 0.000000E+00 -0.957942E+00   0.286963E+00
 0.195782E+00 -0.980647E+00   0.000000E+00
 0.195741E+00 -0.980641E+00   0.524624E-02
 0.191975E+00 -0.980082E+00   0.508510E-01
 0.182094E+00 -0.978553E+00   0.963084E-01
 0.166127E+00 -0.975905E+00   0.141461E+00
 0.144142E+00 -0.971899E+00   0.186107E+00
 0.116263E+00 -0.966225E+00   0.229984E+00
 0.827030E-01 -0.958522E+00   0.272755E+00
 0.437905E-01 -0.948409E+00   0.314011E+00
 0.000000E+00 -0.935519E+00   0.353277E+00
 0.187520E+00 -0.982261E+00   0.000000E+00
 0.187230E+00 -0.982168E+00   0.170680E-01
 0.182520E+00 -0.980644E+00   0.708798E-01
 0.172081E+00 -0.977211E+00   0.124282E+00
 0.156015E+00 -0.971777E+00   0.176942E+00
 0.134486E+00 -0.964210E+00   0.228500E+00
 0.107736E+00 -0.954357E+00   0.278560E+00
 0.760993E-01 -0.942062E+00   0.326692E+00
 0.400083E-01 -0.927194E+00   0.372440E+00
 0.000000E+00 -0.909666E+00   0.415341E+00
 0.179025E+00 -0.983845E+00   0.000000E+00
 0.178066E+00 -0.983335E+00   0.366819E-01
 0.172200E+00 -0.980206E+00   0.976933E-01
 0.161089E+00 -0.974234E+00   0.157854E+00
 0.144910E+00 -0.965438E+00   0.216636E+00
 0.123928E+00 -0.953850E+00   0.273520E+00
 0.984877E-01 -0.939528E+00   0.328004E+00
 0.690146E-01 -0.922566E+00   0.379616E+00
 0.360019E-01 -0.903097E+00   0.427925E+00
 0.000000E+00 -0.881300E+00   0.472557E+00
 0.170308E+00 -0.985391E+00   0.000000E+00
 0.168011E+00 -0.983604E+00   0.655419E-01
 0.160887E+00 -0.978057E+00   0.132363E+00
 0.149094E+00 -0.968863E+00   0.197677E+00
 0.132892E+00 -0.956207E+00   0.260784E+00
 0.112629E+00 -0.940339E+00   0.321056E+00
 0.887235E-01 -0.921563E+00   0.377954E+00
 0.616467E-01 -0.900222E+00   0.431045E+00
 0.319007E-01 -0.876687E+00   0.480003E+00
 0.000000E+00 -0.851342E+00   0.524611E+00
 0.161283E+00 -0.986789E+00   0.153214E-01
 0.158045E+00 -0.983353E+00   0.896537E-01
 0.150311E+00 -0.975164E+00   0.162673E+00
 0.138309E+00 -0.962502E+00   0.233369E+00
 0.122382E+00 -0.945783E+00   0.300859E+00
 0.102952E+00 -0.925524E+00   0.364426E+00
 0.805001E-01 -0.902296E+00   0.423534E+00
 0.555276E-01 -0.876694E+00   0.477834E+00
 0.285351E-01 -0.849296E+00   0.527146E+00
 0.000000E+00 -0.820644E+00   0.571440E+00
 0.152216E+00 -0.988284E+00   0.111857E-01
 0.149291E+00 -0.984239E+00   0.947894E-01
 0.141864E+00 -0.974009E+00   0.176584E+00
 0.130228E+00 -0.958097E+00   0.255127E+00
 0.114816E+00 -0.937243E+00   0.329229E+00
 0.961504E-01 -0.912327E+00   0.398014E+00
 0.747951E-01 -0.884278E+00   0.460932E+00
 0.513106E-01 -0.854003E+00   0.517732E+00
 0.262223E-01 -0.822324E+00   0.568415E+00
 0.000000E+00 -0.789949E+00   0.613173E+00
 0.142954E+00 -0.989729E+00   0.269132E-05
 0.140604E+00 -0.985623E+00   0.936938E-01
 0.133678E+00 -0.973586E+00   0.185096E+00
 0.122536E+00 -0.954414E+00   0.272176E+00
 0.107709E+00 -0.929273E+00   0.353341E+00
 0.898248E-01 -0.899524E+00   0.427536E+00
 0.695342E-01 -0.866544E+00   0.494233E+00
 0.474523E-01 -0.831596E+00   0.553350E+00
 0.241225E-01 -0.795752E+00   0.605142E+00
 0.000000E+00 -0.759865E+00   0.650081E+00
 0.133484E+00 -0.991040E+00   0.468438E-02
 0.130988E+00 -0.985656E+00   0.106414E+00
 0.124081E+00 -0.970856E+00   0.205043E+00
 0.113193E+00 -0.947822E+00   0.298027E+00
 0.989389E-01 -0.918221E+00   0.383512E+00
 0.820126E-01 -0.883901E+00   0.460428E+00
 0.630972E-01 -0.846636E+00   0.528419E+00
 0.428030E-01 -0.807955E+00   0.587687E+00
 0.216374E-01 -0.769070E+00   0.638798E+00
 0.000000E+00 -0.730868E+00   0.682519E+00
 0.123872E+00 -0.992275E+00   0.680429E-02
 0.121371E+00 -0.985722E+00   0.116712E+00
 0.114609E+00 -0.968145E+00   0.222622E+00
 0.104089E+00 -0.941201E+00   0.321412E+00
 0.904984E-01 -0.907146E+00   0.410970E+00
 0.745855E-01 -0.868375E+00   0.490268E+00
 0.570506E-01 -0.827067E+00   0.559201E+00
 0.384858E-01 -0.784989E+00   0.618313E+00
 0.193548E-01 -0.743445E+00   0.668517E+00
 0.000000E+00 -0.703313E+00   0.710881E+00
 0.114141E+00 -0.993448E+00   0.581519E-02
 0.111762E+00 -0.985958E+00   0.124080E+00
 0.105267E+00 -0.965690E+00   0.237406E+00
 0.952191E-01 -0.934862E+00   0.342004E+00
 0.823750E-01 -0.896411E+00   0.435502E+00
 0.675231E-01 -0.853336E+00   0.516970E+00
 0.513677E-01 -0.808228E+00   0.586624E+00
 0.344729E-01 -0.763062E+00   0.645405E+00
 0.172547E-01 -0.719192E+00   0.694597E+00
 0.000000E+00 -0.677448E+00   0.735571E+00
 0.104286E+00 -0.994476E+00   0.119019E-01
 0.101838E+00 -0.985280E+00   0.137303E+00
 0.955224E-01 -0.961799E+00   0.256551E+00
 0.859587E-01 -0.926906E+00   0.365318E+00
 0.739418E-01 -0.884240E+00   0.461142E+00
 0.602636E-01 -0.837341E+00   0.543349E+00
 0.455960E-01 -0.789102E+00   0.612568E+00
 0.304482E-01 -0.741594E+00   0.670157E+00
 0.151736E-01 -0.696133E+00   0.717753E+00
 0.000000E+00 -0.653443E+00   0.756976E+00
 0.943592E-01 -0.995473E+00   0.113811E-01
 0.920642E-01 -0.985219E+00   0.144456E+00
 0.861172E-01 -0.958933E+00   0.270241E+00
 0.771762E-01 -0.920213E+00   0.383734E+00
 0.660647E-01 -0.873490E+00   0.482338E+00
 0.535717E-01 -0.822902E+00   0.565652E+00
 0.403360E-01 -0.771662E+00   0.634752E+00
 0.268162E-01 -0.721932E+00   0.691444E+00
 0.133113E-01 -0.674975E+00   0.737721E+00
 0.000000E+00 -0.631401E+00   0.775456E+00
 0.843495E-01 -0.996350E+00   0.130941E-01
 0.821755E-01 -0.984784E+00   0.153129E+00
 0.766215E-01 -0.955575E+00   0.284616E+00
 0.683677E-01 -0.913106E+00   0.401950E+00
 0.582393E-01 -0.862605E+00   0.502514E+00
 0.469958E-01 -0.808752E+00   0.586270E+00
 0.352239E-01 -0.754998E+00   0.654780E+00
 0.233227E-01 -0.703525E+00   0.710288E+00
 0.115366E-01 -0.655497E+00   0.755110E+00
 0.000000E+00 -0.611388E+00   0.791331E+00
 0.742693E-01 -0.997111E+00   0.159401E-01
 0.722263E-01 -0.984097E+00   0.162287E+00
 0.671195E-01 -0.951966E+00   0.298758E+00
 0.596304E-01 -0.905924E+00   0.419221E+00
 0.505588E-01 -0.851975E+00   0.521135E+00
 0.406122E-01 -0.795275E+00   0.604887E+00
 0.303131E-01 -0.739440E+00   0.672539E+00
 0.199984E-01 -0.686615E+00   0.726746E+00
 0.986171E-02 -0.637838E+00   0.770107E+00
 0.000000E+00 -0.593439E+00   0.804879E+00
 0.641250E-01 -0.997787E+00   0.175803E-01
 0.622728E-01 -0.983500E+00   0.169852E+00
 0.576982E-01 -0.948670E+00   0.310959E+00
 0.510598E-01 -0.899339E+00   0.434261E+00
 0.431089E-01 -0.842272E+00   0.537327E+00
 0.344866E-01 -0.783059E+00   0.620991E+00
 0.256461E-01 -0.725444E+00   0.687803E+00
 0.168656E-01 -0.671508E+00   0.740805E+00
 0.829453E-02 -0.622158E+00   0.782848E+00
 0.000000E+00 -0.577582E+00   0.816332E+00
 0.539009E-01 -0.998331E+00   0.207322E-01
 0.522518E-01 -0.982631E+00   0.178060E+00
 0.482653E-01 -0.945194E+00   0.322923E+00
 0.425511E-01 -0.892870E+00   0.448299E+00
 0.357847E-01 -0.833105E+00   0.551956E+00
 0.285225E-01 -0.771829E+00   0.635191E+00
 0.211424E-01 -0.712837E+00   0.701011E+00
 0.138658E-01 -0.658118E+00   0.752787E+00
 0.680374E-02 -0.608435E+00   0.793575E+00
 0.000000E+00 -0.563845E+00   0.825881E+00
 0.435816E-01 -0.998825E+00   0.211731E-01
 0.422082E-01 -0.982162E+00   0.183238E+00
 0.388993E-01 -0.942574E+00   0.331725E+00
 0.341899E-01 -0.887676E+00   0.459198E+00
 0.286598E-01 -0.825560E+00   0.563586E+00
 0.227733E-01 -0.762479E+00   0.646612E+00
 0.168351E-01 -0.702283E+00   0.711699E+00
 0.110155E-01 -0.646873E+00   0.762518E+00
 0.539477E-02 -0.596889E+00   0.802306E+00
 0.000000E+00 -0.552273E+00   0.833663E+00
 0.331177E-01 -0.999229E+00   0.211011E-01
 0.320519E-01 -0.981807E+00   0.187159E+00
 0.294848E-01 -0.940437E+00   0.338687E+00
 0.258504E-01 -0.883406E+00   0.467894E+00
 0.216115E-01 -0.819365E+00   0.572865E+00
 0.171296E-01 -0.754830E+00   0.655697E+00
 0.126351E-01 -0.693685E+00   0.720168E+00
 0.825202E-02 -0.637748E+00   0.770201E+00
 0.403519E-02 -0.587552E+00   0.809176E+00
 0.000000E+00 -0.542941E+00   0.839771E+00
 0.224392E-01 -0.999514E+00   0.216559E-01
 0.217018E-01 -0.981415E+00   0.190665E+00
 0.199327E-01 -0.938624E+00   0.344367E+00
 0.174410E-01 -0.879957E+00   0.474732E+00
 0.145509E-01 -0.814487E+00   0.579999E+00
 0.115112E-01 -0.748910E+00   0.662571E+00
 0.847684E-02 -0.687113E+00   0.726501E+00
 0.552861E-02 -0.630841E+00   0.775892E+00
 0.270042E-02 -0.580538E+00   0.814229E+00
 0.000000E+00 -0.535972E+00   0.844236E+00
 0.114468E-01 -0.999684E+00   0.223732E-01
 0.110645E-01 -0.981093E+00   0.193222E+00
 0.101516E-01 -0.937352E+00   0.348236E+00
 0.887080E-02 -0.877632E+00   0.479253E+00
 0.739086E-02 -0.811266E+00   0.584631E+00
 0.583975E-02 -0.745055E+00   0.666978E+00
 0.429587E-02 -0.682876E+00   0.730521E+00
 0.279935E-02 -0.626422E+00   0.779479E+00
 0.136636E-02 -0.576076E+00   0.817395E+00
 0.000000E+00 -0.531559E+00   0.847021E+00
 0.000000E+00 -0.999734E+00   0.230461E-01
 0.000000E+00 -0.980906E+00   0.194483E+00
 0.000000E+00 -0.936795E+00   0.349879E+00
 0.000000E+00 -0.876696E+00   0.481045E+00
 0.000000E+00 -0.810027E+00   0.586393E+00
 0.000000E+00 -0.743614E+00   0.668609E+00
 0.000000E+00 -0.681324E+00   0.731982E+00
 0.000000E+00 -0.624827E+00   0.780763E+00
 0.000000E+00 -0.574484E+00   0.818516E+00
 0.000000E+00 -0.529999E+00   0.847998E+00
-0.114460E-01 -0.999646E+00   0.240321E-01
-0.110588E-01 -0.980817E+00   0.194615E+00
-0.101433E-01 -0.936956E+00   0.349299E+00
-0.886188E-02 -0.877223E+00   0.480001E+00
-0.738276E-02 -0.810911E+00   0.585123E+00
-0.583317E-02 -0.744782E+00   0.667283E+00
-0.429104E-02 -0.682688E+00   0.730698E+00
-0.279625E-02 -0.626309E+00   0.779570E+00
-0.136488E-02 -0.576026E+00   0.817430E+00
 0.000000E+00 -0.531559E+00   0.847021E+00
-0.224358E-01 -0.999430E+00   0.252115E-01
-0.216779E-01 -0.980830E+00   0.193655E+00
-0.198976E-01 -0.937782E+00   0.346654E+00
-0.174033E-01 -0.879085E+00   0.476347E+00
-0.145165E-01 -0.813726E+00   0.581067E+00
-0.114832E-01 -0.748323E+00   0.663235E+00
-0.845622E-02 -0.686707E+00   0.726885E+00
-0.551536E-02 -0.630597E+00   0.776091E+00
-0.269409E-02 -0.580430E+00   0.814306E+00
 0.000000E+00 -0.535972E+00   0.844236E+00
-0.331101E-01 -0.999104E+00   0.263580E-01
-0.319995E-01 -0.980954E+00   0.191587E+00
-0.294076E-01 -0.939207E+00   0.342089E+00
-0.257673E-01 -0.882124E+00   0.470311E+00
-0.215354E-01 -0.818241E+00   0.574472E+00
-0.170673E-01 -0.753957E+00   0.656702E+00
-0.125890E-01 -0.693077E+00   0.720754E+00
-0.822231E-02 -0.637382E+00   0.770504E+00
-0.402096E-02 -0.587389E+00   0.809295E+00
 0.000000E+00 -0.542941E+00   0.839771E+00
-0.435692E-01 -0.998674E+00   0.274137E-01
-0.421260E-01 -0.981168E+00   0.188506E+00
-0.387779E-01 -0.941136E+00   0.335795E+00
-0.340583E-01 -0.886168E+00   0.462111E+00
-0.285385E-01 -0.824227E+00   0.565539E+00
-0.226733E-01 -0.761436E+00   0.647844E+00
-0.167607E-01 -0.701552E+00   0.712421E+00
-0.109673E-01 -0.646430E+00   0.762895E+00
-0.537163E-02 -0.596691E+00   0.802453E+00
 0.000000E+00 -0.552273E+00   0.833663E+00
-0.538816E-01 -0.998146E+00   0.282974E-01
-0.521278E-01 -0.981456E+00   0.184462E+00
-0.480816E-01 -0.943486E+00   0.327904E+00
-0.423506E-01 -0.891064E+00   0.451897E+00
-0.355983E-01 -0.831494E+00   0.554391E+00
-0.283676E-01 -0.770556E+00   0.636740E+00
-0.210266E-01 -0.711939E+00   0.701927E+00
-0.137904E-01 -0.657569E+00   0.753268E+00
-0.676731E-02 -0.608187E+00   0.793765E+00
 0.000000E+00 -0.563845E+00   0.825881E+00
-0.640910E-01 -0.997524E+00   0.289656E-01
-0.620508E-01 -0.981795E+00   0.179522E+00
-0.573665E-01 -0.946171E+00   0.318543E+00
-0.506942E-01 -0.896666E+00   0.439796E+00
-0.427657E-01 -0.839860E+00   0.541116E+00
-0.341989E-01 -0.781133E+00   0.623427E+00
-0.254291E-01 -0.724070E+00   0.689257E+00
-0.167234E-01 -0.670662E+00   0.741574E+00
-0.822551E-02 -0.621774E+00   0.783154E+00
 0.000000E+00 -0.577582E+00   0.816332E+00
-0.742224E-01 -0.996811E+00   0.293051E-01
-0.719230E-01 -0.982172E+00   0.173679E+00
-0.666633E-01 -0.949124E+00   0.307767E+00
-0.591226E-01 -0.902850E+00   0.425872E+00
-0.500767E-01 -0.849167E+00   0.525745E+00
-0.402040E-01 -0.793004E+00   0.607888E+00
-0.300024E-01 -0.737803E+00   0.674349E+00
-0.197933E-01 -0.685597E+00   0.727712E+00
-0.976155E-02 -0.637372E+00   0.770494E+00
 0.000000E+00 -0.593439E+00   0.804879E+00
-0.842853E-01 -0.996007E+00   0.294162E-01
-0.817532E-01 -0.982545E+00   0.167097E+00
-0.759804E-01 -0.952235E+00   0.295762E+00
-0.676461E-01 -0.909448E+00   0.410278E+00
-0.575462E-01 -0.859217E+00   0.508365E+00
-0.464021E-01 -0.805975E+00   0.590128E+00
-0.347675E-01 -0.752970E+00   0.657135E+00
-0.230189E-01 -0.702250E+00   0.711558E+00
-0.113872E-01 -0.654907E+00   0.755624E+00
 0.000000E+00 -0.611388E+00   0.791331E+00
-0.942786E-01 -0.995112E+00   0.293879E-01
-0.915378E-01 -0.982876E+00   0.159926E+00
-0.853123E-01 -0.955408E+00   0.282697E+00
-0.762603E-01 -0.916302E+00   0.393159E+00
-0.651741E-01 -0.869815E+00   0.489055E+00
-0.527995E-01 -0.819845E+00   0.570146E+00
-0.397360E-01 -0.769398E+00   0.637532E+00
-0.264130E-01 -0.720491E+00   0.692962E+00
-0.131115E-01 -0.674301E+00   0.738340E+00
 0.000000E+00 -0.631401E+00   0.775456E+00
-0.104196E+00 -0.994135E+00   0.289756E-01
-0.101275E+00 -0.983175E+00   0.152022E+00
-0.946588E-01 -0.958615E+00   0.268509E+00
-0.849665E-01 -0.923332E+00   0.374484E+00
-0.729654E-01 -0.880832E+00   0.467772E+00
-0.594065E-01 -0.834463E+00   0.547853E+00
-0.449222E-01 -0.786938E+00   0.615394E+00
-0.299909E-01 -0.740197E+00   0.671721E+00
-0.149451E-01 -0.695471E+00   0.718398E+00
 0.000000E+00 -0.653443E+00   0.756976E+00
-0.114024E+00 -0.993080E+00   0.281004E-01
-0.110956E+00 -0.983428E+00   0.143380E+00
-0.104009E+00 -0.961797E+00   0.253237E+00
-0.937538E-01 -0.930420E+00   0.354300E+00
-0.809122E-01 -0.892102E+00   0.444531E+00
-0.662211E-01 -0.849633E+00   0.523201E+00
-0.503310E-01 -0.805397E+00   0.590595E+00
-0.337613E-01 -0.761206E+00   0.647631E+00
-0.168957E-01 -0.718301E+00   0.695528E+00
 0.000000E+00 -0.677448E+00   0.735571E+00
-0.123748E+00 -0.991950E+00   0.268726E-01
-0.120559E+00 -0.983600E+00   0.134151E+00
-0.113338E+00 -0.964863E+00   0.237051E+00
-0.102594E+00 -0.937413E+00   0.332763E+00
-0.889877E-01 -0.903413E+00   0.419434E+00
-0.732233E-01 -0.865112E+00   0.496206E+00
-0.559521E-01 -0.824529E+00   0.563047E+00
-0.377229E-01 -0.783297E+00   0.620502E+00
-0.189660E-01 -0.742620E+00   0.669445E+00
 0.000000E+00 -0.703313E+00   0.710881E+00
-0.133347E+00 -0.990743E+00   0.254162E-01
-0.130060E+00 -0.983659E+00   0.124496E+00
-0.122614E+00 -0.967733E+00   0.220134E+00
-0.111448E+00 -0.944166E+00   0.310050E+00
-0.971532E-01 -0.914557E+00   0.392615E+00
-0.803803E-01 -0.880639E+00   0.466920E+00
-0.617631E-01 -0.844051E+00   0.532694E+00
-0.418649E-01 -0.806200E+00   0.590160E+00
-0.211540E-01 -0.768199E+00   0.639861E+00
 0.000000E+00 -0.730868E+00   0.682519E+00
-0.142804E+00 -0.989466E+00   0.237286E-01
-0.139439E+00 -0.983593E+00   0.114465E+00
-0.131810E+00 -0.970354E+00   0.202579E+00
-0.120284E+00 -0.950568E+00   0.286274E+00
-0.105372E+00 -0.925350E+00   0.364176E+00
-0.876579E-01 -0.895963E+00   0.435392E+00
-0.677383E-01 -0.863665E+00   0.499494E+00
-0.461729E-01 -0.829602E+00   0.556443E+00
-0.234553E-01 -0.794744E+00   0.606492E+00
 0.000000E+00 -0.759865E+00   0.650081E+00
-0.152101E+00 -0.988125E+00   0.217750E-01
-0.148679E+00 -0.983393E+00   0.104077E+00
-0.140903E+00 -0.972689E+00   0.184454E+00
-0.129071E+00 -0.956523E+00   0.261543E+00
-0.113608E+00 -0.935619E+00   0.334230E+00
-0.950192E-01 -0.910829E+00   0.401700E+00
-0.738469E-01 -0.883044E+00   0.463443E+00
-0.506270E-01 -0.853131E+00   0.519235E+00
-0.258617E-01 -0.821874E+00   0.569083E+00
 0.000000E+00 -0.789949E+00   0.613173E+00
-0.161222E+00 -0.986724E+00   0.195765E-01
-0.157760E+00 -0.983051E+00   0.933953E-01
-0.149867E+00 -0.974694E+00   0.165865E+00
-0.137773E+00 -0.961937E+00   0.235999E+00
-0.121817E+00 -0.945193E+00   0.302937E+00
-0.102419E+00 -0.924969E+00   0.365981E+00
-0.800474E-01 -0.901830E+00   0.424612E+00
-0.551972E-01 -0.876356E+00   0.478490E+00
-0.283587E-01 -0.849118E+00   0.527442E+00
 0.000000E+00 -0.820644E+00   0.571440E+00
-0.170153E+00 -0.985271E+00   0.170068E-01
-0.166678E+00 -0.982566E+00   0.823505E-01
-0.158698E+00 -0.976352E+00   0.146806E+00
-0.146382E+00 -0.966746E+00   0.209700E+00
-0.129983E+00 -0.953932E+00   0.270405E+00
-0.109830E+00 -0.938144E+00   0.328364E+00
-0.863118E-01 -0.919665E+00   0.383100E+00
-0.598602E-01 -0.898811E+00   0.434229E+00
-0.309335E-01 -0.875920E+00   0.481463E+00
 0.000000E+00 -0.851342E+00   0.524611E+00
-0.178880E+00 -0.983767E+00   0.142722E-01
-0.175411E+00 -0.981920E+00   0.711636E-01
-0.167364E+00 -0.977614E+00   0.127520E+00
-0.154851E+00 -0.970857E+00   0.182916E+00
-0.138046E+00 -0.961669E+00   0.236929E+00
-0.117188E+00 -0.950085E+00   0.289148E+00
-0.925752E-01 -0.936157E+00   0.339174E+00
-0.645623E-01 -0.919969E+00   0.386637E+00
-0.335552E-01 -0.901635E+00   0.431195E+00
 0.000000E+00 -0.881300E+00   0.472557E+00
-0.187391E+00 -0.982219E+00   0.114016E-01
-0.183951E+00 -0.981109E+00   0.598967E-01
-0.175855E+00 -0.978461E+00   0.108112E+00
-0.163164E+00 -0.974218E+00   0.155810E+00
-0.145981E+00 -0.968291E+00   0.202737E+00
-0.124455E+00 -0.960574E+00   0.248614E+00
-0.987926E-01 -0.950952E+00   0.293140E+00
-0.692612E-01 -0.939314E+00   0.335994E+00
-0.361958E-01 -0.925571E+00   0.376840E+00
 0.000000E+00 -0.909666E+00   0.415341E+00
-0.195677E+00 -0.980632E+00   0.843353E-02
-0.192302E+00 -0.980131E+00   0.486175E-01
-0.184179E+00 -0.978883E+00   0.886928E-01
-0.171325E+00 -0.976791E+00   0.128555E+00
-0.153779E+00 -0.973706E+00   0.168073E+00
-0.131611E+00 -0.969430E+00   0.207085E+00
-0.104933E+00 -0.963730E+00   0.245383E+00
-0.739216E-01 -0.956351E+00   0.282717E+00
-0.388296E-01 -0.947029E+00   0.318793E+00
 0.000000E+00 -0.935519E+00   0.353277E+00
-0.203734E+00 -0.979011E+00   0.538287E-02
-0.200488E+00 -0.978983E+00   0.373698E-01
-0.192376E+00 -0.978868E+00   0.693487E-01
-0.179381E+00 -0.978551E+00   0.101299E+00
-0.161485E+00 -0.977848E+00   0.133176E+00
-0.138685E+00 -0.976511E+00   0.164901E+00
-0.111009E+00 -0.974230E+00   0.196347E+00
-0.785411E-01 -0.970643E+00   0.227339E+00
-0.414472E-01 -0.965351E+00   0.257641E+00
 0.000000E+00 -0.957942E+00   0.286963E+00
-0.211554E+00 -0.977364E+00   0.223671E-02
-0.208580E+00 -0.977655E+00   0.261692E-01
-0.200575E+00 -0.978395E+00   0.501390E-01
-0.187493E+00 -0.979462E+00   0.741697E-01
-0.169272E+00 -0.980659E+00   0.982657E-01
-0.145842E+00 -0.981707E+00   0.122402E+00
-0.117156E+00 -0.982247E+00   0.146513E+00
-0.832123E-01 -0.981840E+00   0.170487E+00
-0.440928E-01 -0.979980E+00   0.194153E+00
 0.000000E+00 -0.976109E+00   0.217280E+00
-0.219098E+00 -0.975703E+00   0.000000E+00
-0.216755E+00 -0.976109E+00   0.151122E-01
-0.209122E+00 -0.977392E+00   0.311899E-01
-0.196124E+00 -0.979435E+00   0.473464E-01
-0.177659E+00 -0.982034E+00   0.636061E-01
-0.153604E+00 -0.984891E+00   0.799721E-01
-0.123840E+00 -0.987607E+00   0.964181E-01
-0.882916E-01 -0.989678E+00   0.112880E+00
-0.469639E-01 -0.990500E+00   0.129247E+00
 0.000000E+00 -0.989380E+00   0.145355E+00
-0.226364E+00 -0.974043E+00   0.000000E+00
-0.225108E+00 -0.974319E+00   0.540581E-02
-0.218420E+00 -0.975760E+00   0.136008E-01
-0.205895E+00 -0.978330E+00   0.218453E-01
-0.187399E+00 -0.981821E+00   0.301611E-01
-0.162761E+00 -0.985912E+00   0.385589E-01
-0.131799E+00 -0.990160E+00   0.470329E-01
-0.943640E-01 -0.993986E+00   0.555546E-01
-0.503971E-01 -0.996672E+00   0.640672E-01
 0.000000E+00 -0.997370E+00   0.724804E-01
-0.100000E+01  0.000000E+00   0.000000E+00
-0.100000E+01  0.000000E+00   0.000000E+00
-0.100000E+01  0.000000E+00   0.000000E+00
-0.100000E+01  0.000000E+00   0.000000E+00
-0.100000E+01  0.000000E+00   0.000000E+00
-0.100000E+01  0.000000E+00   0.000000E+00
-0.100000E+01  0.000000E+00   0.000000E+00
-0.100000E+01  0.000000E+00   0.000000E+00
-0.100000E+01  0.000000E+00   0.000000E+00
-0.100000E+01  0.000000E+00   0.000000E+00
