   694
    0.1000000E+01    0.0000000E+00    0.0000000E+00    0.8691003E+00    0.0000000E+00    0.0000000E+00
    0.9914449E+00    0.0000000E+00    0.1305262E+00    0.8616651E+00    0.0000000E+00    0.1134404E+00
    0.9914449E+00    0.9229596E-01    0.9229596E-01    0.8616651E+00    0.8021445E-01    0.8021445E-01
    0.9914449E+00    0.1305262E+00   -0.5705481E-08    0.8616651E+00    0.1134404E+00   -0.4958636E-08
    0.9914449E+00    0.9229596E-01   -0.9229596E-01    0.8616651E+00    0.8021445E-01   -0.8021445E-01
    0.9914449E+00   -0.1141096E-07   -0.1305262E+00    0.8616651E+00   -0.9917271E-08   -0.1134404E+00
    0.9914449E+00   -0.9229597E-01   -0.9229594E-01    0.8616651E+00   -0.8021446E-01   -0.8021443E-01
    0.9914449E+00   -0.1305262E+00    0.1556509E-08    0.8616651E+00   -0.1134404E+00    0.1352763E-08
    0.9914449E+00   -0.9229593E-01    0.9229599E-01    0.8616651E+00   -0.8021443E-01    0.8021448E-01
    0.9659258E+00    0.0000000E+00    0.2588190E+00    0.8394864E+00    0.0000000E+00    0.2249397E+00
    0.9659258E+00    0.1294095E+00    0.2241439E+00    0.8394864E+00    0.1124699E+00    0.1948035E+00
    0.9659258E+00    0.2241439E+00    0.1294095E+00    0.8394864E+00    0.1948035E+00    0.1124699E+00
    0.9659258E+00    0.2588190E+00   -0.1131334E-07    0.8394864E+00    0.2249397E+00   -0.9832427E-08
    0.9659258E+00    0.2241439E+00   -0.1294095E+00    0.8394864E+00    0.1948035E+00   -0.1124699E+00
    0.9659258E+00    0.1294095E+00   -0.2241439E+00    0.8394864E+00    0.1124699E+00   -0.1948035E+00
    0.9659258E+00   -0.2262668E-07   -0.2588190E+00    0.8394864E+00   -0.1966485E-07   -0.2249397E+00
    0.9659258E+00   -0.1294096E+00   -0.2241438E+00    0.8394864E+00   -0.1124699E+00   -0.1948035E+00
    0.9659258E+00   -0.2241439E+00   -0.1294095E+00    0.8394864E+00   -0.1948035E+00   -0.1124698E+00
    0.9659258E+00   -0.2588190E+00    0.3086386E-08    0.8394864E+00   -0.2249397E+00    0.2682379E-08
    0.9659258E+00   -0.2241439E+00    0.1294095E+00    0.8394864E+00   -0.1948035E+00    0.1124698E+00
    0.9659258E+00   -0.1294095E+00    0.2241439E+00    0.8394864E+00   -0.1124698E+00    0.1948036E+00
    0.9238795E+00    0.0000000E+00    0.3826835E+00    0.8029440E+00    0.0000000E+00    0.3325903E+00
    0.9238795E+00    0.1464466E+00    0.3535534E+00    0.8029440E+00    0.1272768E+00    0.3072734E+00
    0.9238795E+00    0.2705981E+00    0.2705981E+00    0.8029440E+00    0.2351769E+00    0.2351769E+00
    0.9238795E+00    0.3535534E+00    0.1464466E+00    0.8029440E+00    0.3072734E+00    0.1272768E+00
    0.9238795E+00    0.3826835E+00   -0.1672763E-07    0.8029440E+00    0.3325903E+00   -0.1453798E-07
    0.9238795E+00    0.3535534E+00   -0.1464466E+00    0.8029440E+00    0.3072734E+00   -0.1272768E+00
    0.9238795E+00    0.2705981E+00   -0.2705981E+00    0.8029440E+00    0.2351769E+00   -0.2351769E+00
    0.9238795E+00    0.1464466E+00   -0.3535534E+00    0.8029440E+00    0.1272767E+00   -0.3072734E+00
    0.9238795E+00   -0.3345525E-07   -0.3826835E+00    0.8029440E+00   -0.2907597E-07   -0.3325903E+00
    0.9238795E+00   -0.1464466E+00   -0.3535534E+00    0.8029440E+00   -0.1272768E+00   -0.3072734E+00
    0.9238795E+00   -0.2705981E+00   -0.2705980E+00    0.8029440E+00   -0.2351769E+00   -0.2351768E+00
    0.9238795E+00   -0.3535535E+00   -0.1464465E+00    0.8029440E+00   -0.3072734E+00   -0.1272767E+00
    0.9238795E+00   -0.3826835E+00    0.4563455E-08    0.8029440E+00   -0.3325903E+00    0.3966100E-08
    0.9238795E+00   -0.3535534E+00    0.1464467E+00    0.8029440E+00   -0.3072734E+00    0.1272769E+00
    0.9238795E+00   -0.2705980E+00    0.2705981E+00    0.8029440E+00   -0.2351768E+00    0.2351769E+00
    0.9238795E+00   -0.1464466E+00    0.3535534E+00    0.8029440E+00   -0.1272768E+00    0.3072734E+00
    0.8660254E+00    0.0000000E+00    0.5000000E+00    0.7526630E+00    0.0000000E+00    0.4345502E+00
    0.8660254E+00    0.1294095E+00    0.4829629E+00    0.7526630E+00    0.1124699E+00    0.4197432E+00
    0.8660254E+00    0.2500000E+00    0.4330127E+00    0.7526630E+00    0.2172751E+00    0.3763315E+00
    0.8660254E+00    0.3535534E+00    0.3535534E+00    0.7526630E+00    0.3072734E+00    0.3072734E+00
    0.8660254E+00    0.4330127E+00    0.2500000E+00    0.7526630E+00    0.3763315E+00    0.2172751E+00
    0.8660254E+00    0.4829629E+00    0.1294095E+00    0.7526630E+00    0.4197432E+00    0.1124699E+00
    0.8660254E+00    0.5000000E+00   -0.2185569E-07    0.7526630E+00    0.4345502E+00   -0.1899479E-07
    0.8660254E+00    0.4829629E+00   -0.1294096E+00    0.7526630E+00    0.4197432E+00   -0.1124699E+00
    0.8660254E+00    0.4330127E+00   -0.2500000E+00    0.7526630E+00    0.3763315E+00   -0.2172751E+00
    0.8660254E+00    0.3535534E+00   -0.3535534E+00    0.7526630E+00    0.3072734E+00   -0.3072734E+00
    0.8660254E+00    0.2500000E+00   -0.4330127E+00    0.7526630E+00    0.2172751E+00   -0.3763315E+00
    0.8660254E+00    0.1294095E+00   -0.4829629E+00    0.7526630E+00    0.1124698E+00   -0.4197432E+00
    0.8660254E+00   -0.4371139E-07   -0.5000000E+00    0.7526630E+00   -0.3798958E-07   -0.4345502E+00
    0.8660254E+00   -0.1294095E+00   -0.4829629E+00    0.7526630E+00   -0.1124699E+00   -0.4197432E+00
    0.8660254E+00   -0.2500001E+00   -0.4330126E+00    0.7526630E+00   -0.2172752E+00   -0.3763314E+00
    0.8660254E+00   -0.3535534E+00   -0.3535533E+00    0.7526630E+00   -0.3072734E+00   -0.3072733E+00
    0.8660254E+00   -0.4330127E+00   -0.2500000E+00    0.7526630E+00   -0.3763315E+00   -0.2172750E+00
    0.8660254E+00   -0.4829629E+00   -0.1294095E+00    0.7526630E+00   -0.4197432E+00   -0.1124698E+00
    0.8660254E+00   -0.5000000E+00    0.5962440E-08    0.7526630E+00   -0.4345502E+00    0.5181959E-08
    0.8660254E+00   -0.4829629E+00    0.1294095E+00    0.7526630E+00   -0.4197432E+00    0.1124698E+00
    0.8660254E+00   -0.4330127E+00    0.2500000E+00    0.7526630E+00   -0.3763315E+00    0.2172750E+00
    0.8660254E+00   -0.3535533E+00    0.3535535E+00    0.7526630E+00   -0.3072733E+00    0.3072735E+00
    0.8660254E+00   -0.2499999E+00    0.4330128E+00    0.7526630E+00   -0.2172750E+00    0.3763316E+00
    0.8660254E+00   -0.1294094E+00    0.4829629E+00    0.7526630E+00   -0.1124698E+00    0.4197432E+00
    0.7933533E+00    0.0000000E+00    0.6087614E+00    0.6895036E+00    0.0000000E+00    0.5290748E+00
    0.7933533E+00    0.1354622E+00    0.5934985E+00    0.6895036E+00    0.1177302E+00    0.5158098E+00
    0.7933533E+00    0.2641317E+00    0.5484751E+00    0.6895036E+00    0.2295570E+00    0.4766799E+00
    0.7933533E+00    0.3795566E+00    0.4759488E+00    0.6895036E+00    0.3298728E+00    0.4136473E+00
    0.7933533E+00    0.4759489E+00    0.3795565E+00    0.6895036E+00    0.4136473E+00    0.3298727E+00
    0.7933533E+00    0.5484751E+00    0.2641317E+00    0.6895036E+00    0.4766799E+00    0.2295570E+00
    0.7933533E+00    0.5934985E+00    0.1354621E+00    0.6895036E+00    0.5158098E+00    0.1177302E+00
    0.7933533E+00    0.6087614E+00   -0.2660981E-07    0.6895036E+00    0.5290748E+00   -0.2312659E-07
    0.7933533E+00    0.5934985E+00   -0.1354622E+00    0.6895036E+00    0.5158098E+00   -0.1177302E+00
    0.7933533E+00    0.5484751E+00   -0.2641318E+00    0.6895036E+00    0.4766799E+00   -0.2295570E+00
    0.7933533E+00    0.4759489E+00   -0.3795565E+00    0.6895036E+00    0.4136473E+00   -0.3298727E+00
    0.7933533E+00    0.3795565E+00   -0.4759489E+00    0.6895036E+00    0.3298727E+00   -0.4136473E+00
    0.7933533E+00    0.2641316E+00   -0.5484751E+00    0.6895036E+00    0.2295569E+00   -0.4766799E+00
    0.7933533E+00    0.1354622E+00   -0.5934985E+00    0.6895036E+00    0.1177302E+00   -0.5158098E+00
    0.7933533E+00   -0.5321962E-07   -0.6087614E+00    0.6895036E+00   -0.4625319E-07   -0.5290748E+00
    0.7933533E+00   -0.1354621E+00   -0.5934985E+00    0.6895036E+00   -0.1177302E+00   -0.5158098E+00
    0.7933533E+00   -0.2641317E+00   -0.5484751E+00    0.6895036E+00   -0.2295570E+00   -0.4766799E+00
    0.7933533E+00   -0.3795566E+00   -0.4759488E+00    0.6895036E+00   -0.3298728E+00   -0.4136473E+00
    0.7933533E+00   -0.4759489E+00   -0.3795564E+00    0.6895036E+00   -0.4136474E+00   -0.3298726E+00
    0.7933533E+00   -0.5484750E+00   -0.2641318E+00    0.6895036E+00   -0.4766799E+00   -0.2295570E+00
    0.7933533E+00   -0.5934985E+00   -0.1354622E+00    0.6895036E+00   -0.5158098E+00   -0.1177303E+00
    0.7933533E+00   -0.6087614E+00    0.7259407E-08    0.6895036E+00   -0.5290748E+00    0.6309154E-08
    0.7933533E+00   -0.5934985E+00    0.1354622E+00    0.6895036E+00   -0.5158098E+00    0.1177303E+00
    0.7933533E+00   -0.5484750E+00    0.2641318E+00    0.6895036E+00   -0.4766799E+00    0.2295570E+00
    0.7933533E+00   -0.4759488E+00    0.3795567E+00    0.6895036E+00   -0.4136472E+00    0.3298728E+00
    0.7933533E+00   -0.3795566E+00    0.4759488E+00    0.6895036E+00   -0.3298728E+00    0.4136473E+00
    0.7933533E+00   -0.2641317E+00    0.5484751E+00    0.6895036E+00   -0.2295570E+00    0.4766799E+00
    0.7933533E+00   -0.1354621E+00    0.5934985E+00    0.6895036E+00   -0.1177302E+00    0.5158098E+00
    0.7071068E+00    0.0000000E+00    0.7071068E+00    0.6145467E+00    0.0000000E+00    0.6145467E+00
    0.7071068E+00    0.1379497E+00    0.6935199E+00    0.6145467E+00    0.1198921E+00    0.6027384E+00
    0.7071068E+00    0.2705981E+00    0.6532815E+00    0.6145467E+00    0.2351769E+00    0.5677671E+00
    0.7071068E+00    0.3928475E+00    0.5879378E+00    0.6145467E+00    0.3414239E+00    0.5109769E+00
    0.7071068E+00    0.5000000E+00    0.5000000E+00    0.6145467E+00    0.4345501E+00    0.4345501E+00
    0.7071068E+00    0.5879378E+00    0.3928474E+00    0.6145467E+00    0.5109770E+00    0.3414238E+00
    0.7071068E+00    0.6532815E+00    0.2705981E+00    0.6145467E+00    0.5677671E+00    0.2351768E+00
    0.7071068E+00    0.6935199E+00    0.1379496E+00    0.6145467E+00    0.6027384E+00    0.1198921E+00
    0.7071068E+00    0.7071068E+00   -0.3090862E-07    0.6145467E+00    0.6145467E+00   -0.2686269E-07
    0.7071068E+00    0.6935199E+00   -0.1379497E+00    0.6145467E+00    0.6027384E+00   -0.1198921E+00
    0.7071068E+00    0.6532815E+00   -0.2705981E+00    0.6145467E+00    0.5677671E+00   -0.2351769E+00
    0.7071068E+00    0.5879377E+00   -0.3928476E+00    0.6145467E+00    0.5109769E+00   -0.3414239E+00
    0.7071068E+00    0.5000000E+00   -0.5000000E+00    0.6145467E+00    0.4345501E+00   -0.4345501E+00
    0.7071068E+00    0.3928474E+00   -0.5879378E+00    0.6145467E+00    0.3414238E+00   -0.5109770E+00
    0.7071068E+00    0.2705979E+00   -0.6532815E+00    0.6145467E+00    0.2351768E+00   -0.5677672E+00
    0.7071068E+00    0.1379497E+00   -0.6935199E+00    0.6145467E+00    0.1198921E+00   -0.6027384E+00
    0.7071068E+00   -0.6181724E-07   -0.7071068E+00    0.6145467E+00   -0.5372538E-07   -0.6145467E+00
    0.7071068E+00   -0.1379498E+00   -0.6935199E+00    0.6145467E+00   -0.1198922E+00   -0.6027384E+00
    0.7071068E+00   -0.2705981E+00   -0.6532815E+00    0.6145467E+00   -0.2351768E+00   -0.5677671E+00
    0.7071068E+00   -0.3928475E+00   -0.5879377E+00    0.6145467E+00   -0.3414239E+00   -0.5109769E+00
    0.7071068E+00   -0.5000001E+00   -0.4999999E+00    0.6145467E+00   -0.4345502E+00   -0.4345501E+00
    0.7071068E+00   -0.5879379E+00   -0.3928473E+00    0.6145467E+00   -0.5109770E+00   -0.3414237E+00
    0.7071068E+00   -0.6532816E+00   -0.2705978E+00    0.6145467E+00   -0.5677672E+00   -0.2351767E+00
    0.7071068E+00   -0.6935199E+00   -0.1379497E+00    0.6145467E+00   -0.6027384E+00   -0.1198922E+00
    0.7071068E+00   -0.7071068E+00    0.8432163E-08    0.6145467E+00   -0.6145467E+00    0.7328396E-08
    0.7071068E+00   -0.6935199E+00    0.1379497E+00    0.6145467E+00   -0.6027384E+00    0.1198922E+00
    0.7071068E+00   -0.6532814E+00    0.2705982E+00    0.6145467E+00   -0.5677671E+00    0.2351770E+00
    0.7071068E+00   -0.5879377E+00    0.3928476E+00    0.6145467E+00   -0.5109769E+00    0.3414240E+00
    0.7071068E+00   -0.4999998E+00    0.5000002E+00    0.6145467E+00   -0.4345500E+00    0.4345503E+00
    0.7071068E+00   -0.3928475E+00    0.5879378E+00    0.6145467E+00   -0.3414239E+00    0.5109769E+00
    0.7071068E+00   -0.2705981E+00    0.6532815E+00    0.6145467E+00   -0.2351768E+00    0.5677671E+00
    0.7071068E+00   -0.1379496E+00    0.6935199E+00    0.6145467E+00   -0.1198921E+00    0.6027384E+00
    0.6087614E+00    0.0000000E+00    0.7933534E+00    0.5290747E+00    0.0000000E+00    0.6895037E+00
    0.6087614E+00    0.1377644E+00    0.7813005E+00    0.5290747E+00    0.1197311E+00    0.6790286E+00
    0.6087614E+00    0.2713428E+00    0.7455083E+00    0.5290747E+00    0.2358242E+00    0.6479215E+00
    0.6087614E+00    0.3966767E+00    0.6870642E+00    0.5290747E+00    0.3447518E+00    0.5971277E+00
    0.6087614E+00    0.5099577E+00    0.6077439E+00    0.5290747E+00    0.4432044E+00    0.5281904E+00
    0.6087614E+00    0.6077440E+00    0.5099577E+00    0.5290747E+00    0.5281905E+00    0.4432044E+00
    0.6087614E+00    0.6870642E+00    0.3966767E+00    0.5290747E+00    0.5971277E+00    0.3447518E+00
    0.6087614E+00    0.7455084E+00    0.2713428E+00    0.5290747E+00    0.6479216E+00    0.2358241E+00
    0.6087614E+00    0.7813006E+00    0.1377643E+00    0.5290747E+00    0.6790286E+00    0.1197310E+00
    0.6087614E+00    0.7933534E+00   -0.3467858E-07    0.5290747E+00    0.6895037E+00   -0.3013916E-07
    0.6087614E+00    0.7813005E+00   -0.1377645E+00    0.5290747E+00    0.6790286E+00   -0.1197311E+00
    0.6087614E+00    0.7455083E+00   -0.2713429E+00    0.5290747E+00    0.6479215E+00   -0.2358242E+00
    0.6087614E+00    0.6870642E+00   -0.3966767E+00    0.5290747E+00    0.5971277E+00   -0.3447519E+00
    0.6087614E+00    0.6077439E+00   -0.5099577E+00    0.5290747E+00    0.5281904E+00   -0.4432044E+00
    0.6087614E+00    0.5099576E+00   -0.6077441E+00    0.5290747E+00    0.4432043E+00   -0.5281906E+00
    0.6087614E+00    0.3966765E+00   -0.6870643E+00    0.5290747E+00    0.3447517E+00   -0.5971278E+00
    0.6087614E+00    0.2713427E+00   -0.7455084E+00    0.5290747E+00    0.2358240E+00   -0.6479216E+00
    0.6087614E+00    0.1377643E+00   -0.7813006E+00    0.5290747E+00    0.1197310E+00   -0.6790286E+00
    0.6087614E+00   -0.6935716E-07   -0.7933534E+00    0.5290747E+00   -0.6027832E-07   -0.6895037E+00
    0.6087614E+00   -0.1377646E+00   -0.7813005E+00    0.5290747E+00   -0.1197313E+00   -0.6790286E+00
    0.6087614E+00   -0.2713430E+00   -0.7455083E+00    0.5290747E+00   -0.2358243E+00   -0.6479214E+00
    0.6087614E+00   -0.3966768E+00   -0.6870641E+00    0.5290747E+00   -0.3447520E+00   -0.5971276E+00
    0.6087614E+00   -0.5099578E+00   -0.6077439E+00    0.5290747E+00   -0.4432045E+00   -0.5281904E+00
    0.6087614E+00   -0.6077440E+00   -0.5099577E+00    0.5290747E+00   -0.5281906E+00   -0.4432043E+00
    0.6087614E+00   -0.6870642E+00   -0.3966766E+00    0.5290747E+00   -0.5971277E+00   -0.3447518E+00
    0.6087614E+00   -0.7455084E+00   -0.2713428E+00    0.5290747E+00   -0.6479216E+00   -0.2358241E+00
    0.6087614E+00   -0.7813006E+00   -0.1377643E+00    0.5290747E+00   -0.6790286E+00   -0.1197310E+00
    0.6087614E+00   -0.7933534E+00    0.3877610E-06    0.5290747E+00   -0.6895037E+00    0.3370032E-06
    0.6087614E+00   -0.7813005E+00    0.1377647E+00    0.5290747E+00   -0.6790285E+00    0.1197314E+00
    0.6087614E+00   -0.7455082E+00    0.2713431E+00    0.5290747E+00   -0.6479214E+00    0.2358244E+00
    0.6087614E+00   -0.6870641E+00    0.3966770E+00    0.5290747E+00   -0.5971276E+00    0.3447521E+00
    0.6087614E+00   -0.6077437E+00    0.5099579E+00    0.5290747E+00   -0.5281903E+00    0.4432046E+00
    0.6087614E+00   -0.5099576E+00    0.6077441E+00    0.5290747E+00   -0.4432043E+00    0.5281906E+00
    0.6087614E+00   -0.3966765E+00    0.6870643E+00    0.5290747E+00   -0.3447517E+00    0.5971278E+00
    0.6087614E+00   -0.2713427E+00    0.7455084E+00    0.5290747E+00   -0.2358240E+00    0.6479216E+00
    0.6087614E+00   -0.1377642E+00    0.7813006E+00    0.5290747E+00   -0.1197309E+00    0.6790286E+00
    0.5000000E+00    0.0000000E+00    0.8660254E+00    0.4345501E+00    0.0000000E+00    0.7526630E+00
    0.5000000E+00    0.1354762E+00    0.8553632E+00    0.4345501E+00    0.1177424E+00    0.7433965E+00
    0.5000000E+00    0.2676166E+00    0.8236392E+00    0.4345501E+00    0.2325857E+00    0.7158251E+00
    0.5000000E+00    0.3931673E+00    0.7716343E+00    0.4345501E+00    0.3417019E+00    0.6706277E+00
    0.5000000E+00    0.5090370E+00    0.7006293E+00    0.4345501E+00    0.4424042E+00    0.6089172E+00
    0.5000000E+00    0.6123725E+00    0.6123725E+00    0.4345501E+00    0.5322131E+00    0.5322131E+00
    0.5000000E+00    0.7006293E+00    0.5090370E+00    0.4345501E+00    0.6089172E+00    0.4424042E+00
    0.5000000E+00    0.7716343E+00    0.3931673E+00    0.4345501E+00    0.6706277E+00    0.3417019E+00
    0.5000000E+00    0.8236392E+00    0.2676166E+00    0.4345501E+00    0.7158251E+00    0.2325857E+00
    0.5000000E+00    0.8553632E+00    0.1354761E+00    0.4345501E+00    0.7433965E+00    0.1177424E+00
    0.5000000E+00    0.8660254E+00   -0.3785517E-07    0.4345501E+00    0.7526630E+00   -0.3289994E-07
    0.5000000E+00    0.8553632E+00   -0.1354762E+00    0.4345501E+00    0.7433965E+00   -0.1177424E+00
    0.5000000E+00    0.8236391E+00   -0.2676166E+00    0.4345501E+00    0.7158250E+00   -0.2325857E+00
    0.5000000E+00    0.7716343E+00   -0.3931674E+00    0.4345501E+00    0.6706276E+00   -0.3417020E+00
    0.5000000E+00    0.7006293E+00   -0.5090369E+00    0.4345501E+00    0.6089172E+00   -0.4424042E+00
    0.5000000E+00    0.6123725E+00   -0.6123725E+00    0.4345501E+00    0.5322131E+00   -0.5322131E+00
    0.5000000E+00    0.5090369E+00   -0.7006294E+00    0.4345501E+00    0.4424042E+00   -0.6089172E+00
    0.5000000E+00    0.3931672E+00   -0.7716344E+00    0.4345501E+00    0.3417018E+00   -0.6706277E+00
    0.5000000E+00    0.2676164E+00   -0.8236392E+00    0.4345501E+00    0.2325855E+00   -0.7158251E+00
    0.5000000E+00    0.1354762E+00   -0.8553632E+00    0.4345501E+00    0.1177424E+00   -0.7433965E+00
    0.5000000E+00   -0.7571035E-07   -0.8660254E+00    0.4345501E+00   -0.6579989E-07   -0.7526630E+00
    0.5000000E+00   -0.1354764E+00   -0.8553632E+00    0.4345501E+00   -0.1177425E+00   -0.7433965E+00
    0.5000000E+00   -0.2676166E+00   -0.8236392E+00    0.4345501E+00   -0.2325857E+00   -0.7158251E+00
    0.5000000E+00   -0.3931674E+00   -0.7716343E+00    0.4345501E+00   -0.3417019E+00   -0.6706277E+00
    0.5000000E+00   -0.5090371E+00   -0.7006292E+00    0.4345501E+00   -0.4424043E+00   -0.6089171E+00
    0.5000000E+00   -0.6123726E+00   -0.6123723E+00    0.4345501E+00   -0.5322132E+00   -0.5322130E+00
    0.5000000E+00   -0.7006294E+00   -0.5090368E+00    0.4345501E+00   -0.6089173E+00   -0.4424041E+00
    0.5000000E+00   -0.7716345E+00   -0.3931671E+00    0.4345501E+00   -0.6706278E+00   -0.3417017E+00
    0.5000000E+00   -0.8236391E+00   -0.2676167E+00    0.4345501E+00   -0.7158250E+00   -0.2325857E+00
    0.5000000E+00   -0.8553632E+00   -0.1354763E+00    0.4345501E+00   -0.7433965E+00   -0.1177425E+00
    0.5000000E+00   -0.8660254E+00    0.1032725E-07    0.4345501E+00   -0.7526630E+00    0.8975417E-08
    0.5000000E+00   -0.8553632E+00    0.1354763E+00    0.4345501E+00   -0.7433965E+00    0.1177425E+00
    0.5000000E+00   -0.8236391E+00    0.2676167E+00    0.4345501E+00   -0.7158250E+00    0.2325858E+00
    0.5000000E+00   -0.7716342E+00    0.3931675E+00    0.4345501E+00   -0.6706276E+00    0.3417020E+00
    0.5000000E+00   -0.7006292E+00    0.5090372E+00    0.4345501E+00   -0.6089171E+00    0.4424044E+00
    0.5000000E+00   -0.6123723E+00    0.6123726E+00    0.4345501E+00   -0.5322129E+00    0.5322133E+00
    0.5000000E+00   -0.5090367E+00    0.7006295E+00    0.4345501E+00   -0.4424040E+00    0.6089174E+00
    0.5000000E+00   -0.3931673E+00    0.7716343E+00    0.4345501E+00   -0.3417019E+00    0.6706277E+00
    0.5000000E+00   -0.2676165E+00    0.8236392E+00    0.4345501E+00   -0.2325856E+00    0.7158251E+00
    0.5000000E+00   -0.1354761E+00    0.8553632E+00    0.4345501E+00   -0.1177424E+00    0.7433965E+00
    0.3826834E+00    0.0000000E+00    0.9238795E+00    0.3325903E+00    0.0000000E+00    0.8029440E+00
    0.3826834E+00    0.1445266E+00    0.9125050E+00    0.3325903E+00    0.1256081E+00    0.7930585E+00
    0.3826834E+00    0.2854945E+00    0.8786616E+00    0.3325903E+00    0.2481233E+00    0.7636452E+00
    0.3826834E+00    0.4194325E+00    0.8231826E+00    0.3325903E+00    0.3645290E+00    0.7154284E+00
    0.3826834E+00    0.5430427E+00    0.7474342E+00    0.3325903E+00    0.4719586E+00    0.6495954E+00
    0.3826834E+00    0.6532815E+00    0.6532815E+00    0.3325903E+00    0.5677671E+00    0.5677671E+00
    0.3826834E+00    0.7474342E+00    0.5430427E+00    0.3325903E+00    0.6495954E+00    0.4719586E+00
    0.3826834E+00    0.8231826E+00    0.4194325E+00    0.3325903E+00    0.7154284E+00    0.3645290E+00
    0.3826834E+00    0.8786616E+00    0.2854944E+00    0.3325903E+00    0.7636452E+00    0.2481233E+00
    0.3826834E+00    0.9125050E+00    0.1445265E+00    0.3325903E+00    0.7930585E+00    0.1256080E+00
    0.3826834E+00    0.9238795E+00   -0.4038406E-07    0.3325903E+00    0.8029440E+00   -0.3509780E-07
    0.3826834E+00    0.9125050E+00   -0.1445266E+00    0.3325903E+00    0.7930585E+00   -0.1256081E+00
    0.3826834E+00    0.8786616E+00   -0.2854945E+00    0.3325903E+00    0.7636451E+00   -0.2481234E+00
    0.3826834E+00    0.8231826E+00   -0.4194326E+00    0.3325903E+00    0.7154283E+00   -0.3645290E+00
    0.3826834E+00    0.7474342E+00   -0.5430427E+00    0.3325903E+00    0.6495954E+00   -0.4719586E+00
    0.3826834E+00    0.6532815E+00   -0.6532815E+00    0.3325903E+00    0.5677671E+00   -0.5677671E+00
    0.3826834E+00    0.5430427E+00   -0.7474343E+00    0.3325903E+00    0.4719586E+00   -0.6495954E+00
    0.3826834E+00    0.4194324E+00   -0.8231827E+00    0.3325903E+00    0.3645288E+00   -0.7154284E+00
    0.3826834E+00    0.2854943E+00   -0.8786617E+00    0.3325903E+00    0.2481232E+00   -0.7636452E+00
    0.3826834E+00    0.1445266E+00   -0.9125050E+00    0.3325903E+00    0.1256081E+00   -0.7930585E+00
    0.3826834E+00   -0.8076811E-07   -0.9238795E+00    0.3325903E+00   -0.7019560E-07   -0.8029440E+00
    0.3826834E+00   -0.1445267E+00   -0.9125050E+00    0.3325903E+00   -0.1256082E+00   -0.7930584E+00
    0.3826834E+00   -0.2854944E+00   -0.8786616E+00    0.3325903E+00   -0.2481233E+00   -0.7636452E+00
    0.3826834E+00   -0.4194326E+00   -0.8231826E+00    0.3325903E+00   -0.3645290E+00   -0.7154284E+00
    0.3826834E+00   -0.5430428E+00   -0.7474342E+00    0.3325903E+00   -0.4719587E+00   -0.6495953E+00
    0.3826834E+00   -0.6532816E+00   -0.6532813E+00    0.3325903E+00   -0.5677673E+00   -0.5677670E+00
    0.3826834E+00   -0.7474343E+00   -0.5430426E+00    0.3325903E+00   -0.6495954E+00   -0.4719585E+00
    0.3826834E+00   -0.8231828E+00   -0.4194323E+00    0.3325903E+00   -0.7154285E+00   -0.3645287E+00
    0.3826834E+00   -0.8786616E+00   -0.2854946E+00    0.3325903E+00   -0.7636451E+00   -0.2481234E+00
    0.3826834E+00   -0.9125050E+00   -0.1445266E+00    0.3325903E+00   -0.7930584E+00   -0.1256082E+00
    0.3826834E+00   -0.9238795E+00    0.1101715E-07    0.3325903E+00   -0.8029440E+00    0.9575011E-08
    0.3826834E+00   -0.9125050E+00    0.1445267E+00    0.3325903E+00   -0.7930584E+00    0.1256082E+00
    0.3826834E+00   -0.8786616E+00    0.2854946E+00    0.3325903E+00   -0.7636451E+00    0.2481235E+00
    0.3826834E+00   -0.8231826E+00    0.4194327E+00    0.3325903E+00   -0.7154282E+00    0.3645291E+00
    0.3826834E+00   -0.7474341E+00    0.5430430E+00    0.3325903E+00   -0.6495952E+00    0.4719588E+00
    0.3826834E+00   -0.6532812E+00    0.6532817E+00    0.3325903E+00   -0.5677670E+00    0.5677673E+00
    0.3826834E+00   -0.5430425E+00    0.7474344E+00    0.3325903E+00   -0.4719584E+00    0.6495956E+00
    0.3826834E+00   -0.4194325E+00    0.8231826E+00    0.3325903E+00   -0.3645290E+00    0.7154284E+00
    0.3826834E+00   -0.2854944E+00    0.8786616E+00    0.3325903E+00   -0.2481233E+00    0.7636452E+00
    0.3826834E+00   -0.1445265E+00    0.9125050E+00    0.3325903E+00   -0.1256080E+00    0.7930585E+00
    0.2588191E+00    0.0000000E+00    0.9659258E+00    0.2249397E+00    0.0000000E+00    0.8394864E+00
    0.2588191E+00    0.1374656E+00    0.9560941E+00    0.2249397E+00    0.1194714E+00    0.8309417E+00
    0.2588191E+00    0.2721328E+00    0.9267991E+00    0.2249397E+00    0.2365107E+00    0.8054813E+00
    0.2588191E+00    0.4012601E+00    0.8786370E+00    0.2249397E+00    0.3487353E+00    0.7636237E+00
    0.2588191E+00    0.5222189E+00    0.8125885E+00    0.2249397E+00    0.4538606E+00    0.7062209E+00
    0.2588191E+00    0.6325470E+00    0.7299980E+00    0.2249397E+00    0.5497468E+00    0.6344414E+00
    0.2588191E+00    0.7299981E+00    0.6325468E+00    0.2249397E+00    0.6344415E+00    0.5497466E+00
    0.2588191E+00    0.8125886E+00    0.5222189E+00    0.2249397E+00    0.7062210E+00    0.4538606E+00
    0.2588191E+00    0.8786371E+00    0.4012600E+00    0.2249397E+00    0.7636237E+00    0.3487352E+00
    0.2588191E+00    0.9267991E+00    0.2721327E+00    0.2249397E+00    0.8054813E+00    0.2365106E+00
    0.2588191E+00    0.9560941E+00    0.1374655E+00    0.2249397E+00    0.8309417E+00    0.1194713E+00
    0.2588191E+00    0.9659258E+00   -0.1573693E-06    0.2249397E+00    0.8394864E+00   -0.1367697E-06
    0.2588191E+00    0.9560941E+00   -0.1374657E+00    0.2249397E+00    0.8309417E+00   -0.1194715E+00
    0.2588191E+00    0.9267991E+00   -0.2721328E+00    0.2249397E+00    0.8054813E+00   -0.2365107E+00
    0.2588191E+00    0.8786370E+00   -0.4012602E+00    0.2249397E+00    0.7636237E+00   -0.3487354E+00
    0.2588191E+00    0.8125884E+00   -0.5222191E+00    0.2249397E+00    0.7062208E+00   -0.4538608E+00
    0.2588191E+00    0.7299979E+00   -0.6325470E+00    0.2249397E+00    0.6344414E+00   -0.5497468E+00
    0.2588191E+00    0.6325468E+00   -0.7299981E+00    0.2249397E+00    0.5497466E+00   -0.6344416E+00
    0.2588191E+00    0.5222189E+00   -0.8125886E+00    0.2249397E+00    0.4538606E+00   -0.7062210E+00
    0.2588191E+00    0.4012599E+00   -0.8786371E+00    0.2249397E+00    0.3487351E+00   -0.7636238E+00
    0.2588191E+00    0.2721326E+00   -0.9267991E+00    0.2249397E+00    0.2365105E+00   -0.8054814E+00
    0.2588191E+00    0.1374654E+00   -0.9560941E+00    0.2249397E+00    0.1194713E+00   -0.8309417E+00
    0.2588191E+00   -0.3147386E-06   -0.9659258E+00    0.2249397E+00   -0.2735394E-06   -0.8394864E+00
    0.2588191E+00   -0.1374658E+00   -0.9560940E+00    0.2249397E+00   -0.1194716E+00   -0.8309416E+00
    0.2588191E+00   -0.2721330E+00   -0.9267990E+00    0.2249397E+00   -0.2365108E+00   -0.8054813E+00
    0.2588191E+00   -0.4012602E+00   -0.8786370E+00    0.2249397E+00   -0.3487354E+00   -0.7636237E+00
    0.2588191E+00   -0.5222191E+00   -0.8125885E+00    0.2249397E+00   -0.4538607E+00   -0.7062209E+00
    0.2588191E+00   -0.6325471E+00   -0.7299978E+00    0.2249397E+00   -0.5497469E+00   -0.6344413E+00
    0.2588191E+00   -0.7299982E+00   -0.6325467E+00    0.2249397E+00   -0.6344417E+00   -0.5497466E+00
    0.2588191E+00   -0.8125886E+00   -0.5222188E+00    0.2249397E+00   -0.7062210E+00   -0.4538605E+00
    0.2588191E+00   -0.8786372E+00   -0.4012598E+00    0.2249397E+00   -0.7636238E+00   -0.3487350E+00
    0.2588191E+00   -0.9267991E+00   -0.2721326E+00    0.2249397E+00   -0.8054813E+00   -0.2365106E+00
    0.2588191E+00   -0.9560941E+00   -0.1374653E+00    0.2249397E+00   -0.8309417E+00   -0.1194711E+00
    0.2588191E+00   -0.9659258E+00    0.4721079E-06    0.2249397E+00   -0.8394864E+00    0.4103091E-06
    0.2588191E+00   -0.9560941E+00    0.1374658E+00    0.2249397E+00   -0.8309417E+00    0.1194715E+00
    0.2588191E+00   -0.9267989E+00    0.2721331E+00    0.2249397E+00   -0.8054813E+00    0.2365110E+00
    0.2588191E+00   -0.8786370E+00    0.4012602E+00    0.2249397E+00   -0.7636237E+00    0.3487353E+00
    0.2588191E+00   -0.8125884E+00    0.5222192E+00    0.2249397E+00   -0.7062208E+00    0.4538608E+00
    0.2588191E+00   -0.7299978E+00    0.6325473E+00    0.2249397E+00   -0.6344413E+00    0.5497470E+00
    0.2588191E+00   -0.6325468E+00    0.7299982E+00    0.2249397E+00   -0.5497466E+00    0.6344416E+00
    0.2588191E+00   -0.5222186E+00    0.8125887E+00    0.2249397E+00   -0.4538603E+00    0.7062211E+00
    0.2588191E+00   -0.4012596E+00    0.8786373E+00    0.2249397E+00   -0.3487349E+00    0.7636239E+00
    0.2588191E+00   -0.2721325E+00    0.9267991E+00    0.2249397E+00   -0.2365104E+00    0.8054814E+00
    0.2588191E+00   -0.1374651E+00    0.9560941E+00    0.2249397E+00   -0.1194710E+00    0.8309417E+00
    0.1305261E+00    0.0000000E+00    0.9914449E+00    0.1134403E+00    0.0000000E+00    0.8616651E+00
    0.1305261E+00    0.1410973E+00    0.9813534E+00    0.1134403E+00    0.1226277E+00    0.8528945E+00
    0.1305261E+00    0.2793223E+00    0.9512844E+00    0.1134403E+00    0.2427591E+00    0.8267616E+00
    0.1305261E+00    0.4118611E+00    0.9018500E+00    0.1134403E+00    0.3579486E+00    0.7837981E+00
    0.1305261E+00    0.5360156E+00    0.8340565E+00    0.1134403E+00    0.4658513E+00    0.7248788E+00
    0.1305261E+00    0.6492584E+00    0.7492840E+00    0.1134403E+00    0.5642707E+00    0.6512030E+00
    0.1305261E+00    0.7492841E+00    0.6492583E+00    0.1134403E+00    0.6512030E+00    0.5642706E+00
    0.1305261E+00    0.8340566E+00    0.5360155E+00    0.1134403E+00    0.7248788E+00    0.4658513E+00
    0.1305261E+00    0.9018500E+00    0.4118610E+00    0.1134403E+00    0.7837982E+00    0.3579486E+00
    0.1305261E+00    0.9512844E+00    0.2793223E+00    0.1134403E+00    0.8267616E+00    0.2427591E+00
    0.1305261E+00    0.9813534E+00    0.1410972E+00    0.1134403E+00    0.8528945E+00    0.1226276E+00
    0.1305261E+00    0.9914449E+00   -0.1615269E-06    0.1134403E+00    0.8616651E+00   -0.1403831E-06
    0.1305261E+00    0.9813534E+00   -0.1410974E+00    0.1134403E+00    0.8528945E+00   -0.1226278E+00
    0.1305261E+00    0.9512844E+00   -0.2793224E+00    0.1134403E+00    0.8267616E+00   -0.2427592E+00
    0.1305261E+00    0.9018500E+00   -0.4118612E+00    0.1134403E+00    0.7837981E+00   -0.3579487E+00
    0.1305261E+00    0.8340564E+00   -0.5360157E+00    0.1134403E+00    0.7248787E+00   -0.4658515E+00
    0.1305261E+00    0.7492840E+00   -0.6492584E+00    0.1134403E+00    0.6512029E+00   -0.5642707E+00
    0.1305261E+00    0.6492583E+00   -0.7492841E+00    0.1134403E+00    0.5642706E+00   -0.6512031E+00
    0.1305261E+00    0.5360155E+00   -0.8340566E+00    0.1134403E+00    0.4658513E+00   -0.7248788E+00
    0.1305261E+00    0.4118609E+00   -0.9018501E+00    0.1134403E+00    0.3579484E+00   -0.7837982E+00
    0.1305261E+00    0.2793221E+00   -0.9512845E+00    0.1134403E+00    0.2427589E+00   -0.8267617E+00
    0.1305261E+00    0.1410972E+00   -0.9813534E+00    0.1134403E+00    0.1226276E+00   -0.8528945E+00
    0.1305261E+00   -0.3230538E-06   -0.9914449E+00    0.1134403E+00   -0.2807661E-06   -0.8616651E+00
    0.1305261E+00   -0.1410976E+00   -0.9813533E+00    0.1134403E+00   -0.1226280E+00   -0.8528945E+00
    0.1305261E+00   -0.2793225E+00   -0.9512843E+00    0.1134403E+00   -0.2427593E+00   -0.8267615E+00
    0.1305261E+00   -0.4118612E+00   -0.9018499E+00    0.1134403E+00   -0.3579488E+00   -0.7837980E+00
    0.1305261E+00   -0.5360157E+00   -0.8340564E+00    0.1134403E+00   -0.4658514E+00   -0.7248787E+00
    0.1305261E+00   -0.6492586E+00   -0.7492839E+00    0.1134403E+00   -0.5642709E+00   -0.6512028E+00
    0.1305261E+00   -0.7492842E+00   -0.6492581E+00    0.1134403E+00   -0.6512032E+00   -0.5642705E+00
    0.1305261E+00   -0.8340566E+00   -0.5360154E+00    0.1134403E+00   -0.7248788E+00   -0.4658512E+00
    0.1305261E+00   -0.9018502E+00   -0.4118607E+00    0.1134403E+00   -0.7837982E+00   -0.3579483E+00
    0.1305261E+00   -0.9512844E+00   -0.2793222E+00    0.1134403E+00   -0.8267616E+00   -0.2427590E+00
    0.1305261E+00   -0.9813535E+00   -0.1410970E+00    0.1134403E+00   -0.8528946E+00   -0.1226275E+00
    0.1305261E+00   -0.9914449E+00    0.4845807E-06    0.1134403E+00   -0.8616651E+00    0.4211492E-06
    0.1305261E+00   -0.9813534E+00    0.1410975E+00    0.1134403E+00   -0.8528945E+00    0.1226279E+00
    0.1305261E+00   -0.9512843E+00    0.2793227E+00    0.1134403E+00   -0.8267615E+00    0.2427594E+00
    0.1305261E+00   -0.9018500E+00    0.4118612E+00    0.1134403E+00   -0.7837981E+00    0.3579487E+00
    0.1305261E+00   -0.8340564E+00    0.5360158E+00    0.1134403E+00   -0.7248787E+00    0.4658515E+00
    0.1305261E+00   -0.7492838E+00    0.6492587E+00    0.1134403E+00   -0.6512027E+00    0.5642709E+00
    0.1305261E+00   -0.6492582E+00    0.7492841E+00    0.1134403E+00   -0.5642705E+00    0.6512031E+00
    0.1305261E+00   -0.5360152E+00    0.8340567E+00    0.1134403E+00   -0.4658510E+00    0.7248790E+00
    0.1305261E+00   -0.4118606E+00    0.9018502E+00    0.1134403E+00   -0.3579482E+00    0.7837983E+00
    0.1305261E+00   -0.2793220E+00    0.9512845E+00    0.1134403E+00   -0.2427589E+00    0.8267617E+00
    0.1305261E+00   -0.1410969E+00    0.9813535E+00    0.1134403E+00   -0.1226273E+00    0.8528946E+00
   -0.4371139E-07    0.0000000E+00    0.1000000E+01   -0.3798958E-07    0.0000000E+00    0.8691003E+00
   -0.4371139E-07    0.1423149E+00    0.9898214E+00   -0.3798958E-07    0.1236859E+00    0.8602541E+00
   -0.4371139E-07    0.2817326E+00    0.9594930E+00   -0.3798958E-07    0.2448539E+00    0.8338957E+00
   -0.4371139E-07    0.4154150E+00    0.9096320E+00   -0.3798958E-07    0.3610373E+00    0.7905614E+00
   -0.4371139E-07    0.5406408E+00    0.8412535E+00   -0.3798958E-07    0.4698711E+00    0.7311337E+00
   -0.4371139E-07    0.6548608E+00    0.7557495E+00   -0.3798958E-07    0.5691397E+00    0.6568221E+00
   -0.4371139E-07    0.7557496E+00    0.6548607E+00   -0.3798958E-07    0.6568222E+00    0.5691397E+00
   -0.4371139E-07    0.8412536E+00    0.5406408E+00   -0.3798958E-07    0.7311338E+00    0.4698711E+00
   -0.4371139E-07    0.9096320E+00    0.4154150E+00   -0.3798958E-07    0.7905615E+00    0.3610373E+00
   -0.4371139E-07    0.9594930E+00    0.2817325E+00   -0.3798958E-07    0.8338957E+00    0.2448538E+00
   -0.4371139E-07    0.9898214E+00    0.1423147E+00   -0.3798958E-07    0.8602541E+00    0.1236858E+00
   -0.4371139E-07    0.1000000E+01   -0.1629207E-06   -0.3798958E-07    0.8691003E+00   -0.1415944E-06
   -0.4371139E-07    0.9898214E+00   -0.1423150E+00   -0.3798958E-07    0.8602541E+00   -0.1236860E+00
   -0.4371139E-07    0.9594930E+00   -0.2817326E+00   -0.3798958E-07    0.8338957E+00   -0.2448539E+00
   -0.4371139E-07    0.9096320E+00   -0.4154151E+00   -0.3798958E-07    0.7905614E+00   -0.3610374E+00
   -0.4371139E-07    0.8412534E+00   -0.5406410E+00   -0.3798958E-07    0.7311336E+00   -0.4698713E+00
   -0.4371139E-07    0.7557495E+00   -0.6548609E+00   -0.3798958E-07    0.6568221E+00   -0.5691398E+00
   -0.4371139E-07    0.6548607E+00   -0.7557496E+00   -0.3798958E-07    0.5691397E+00   -0.6568223E+00
   -0.4371139E-07    0.5406408E+00   -0.8412536E+00   -0.3798958E-07    0.4698711E+00   -0.7311338E+00
   -0.4371139E-07    0.4154148E+00   -0.9096321E+00   -0.3798958E-07    0.3610371E+00   -0.7905616E+00
   -0.4371139E-07    0.2817324E+00   -0.9594930E+00   -0.3798958E-07    0.2448537E+00   -0.8338957E+00
   -0.4371139E-07    0.1423147E+00   -0.9898214E+00   -0.3798958E-07    0.1236858E+00   -0.8602541E+00
   -0.4371139E-07   -0.3258414E-06   -0.1000000E+01   -0.3798958E-07   -0.2831889E-06   -0.8691003E+00
   -0.4371139E-07   -0.1423151E+00   -0.9898214E+00   -0.3798958E-07   -0.1236861E+00   -0.8602541E+00
   -0.4371139E-07   -0.2817328E+00   -0.9594929E+00   -0.3798958E-07   -0.2448540E+00   -0.8338956E+00
   -0.4371139E-07   -0.4154152E+00   -0.9096319E+00   -0.3798958E-07   -0.3610375E+00   -0.7905614E+00
   -0.4371139E-07   -0.5406410E+00   -0.8412535E+00   -0.3798958E-07   -0.4698712E+00   -0.7311336E+00
   -0.4371139E-07   -0.6548610E+00   -0.7557493E+00   -0.3798958E-07   -0.5691399E+00   -0.6568220E+00
   -0.4371139E-07   -0.7557498E+00   -0.6548606E+00   -0.3798958E-07   -0.6568224E+00   -0.5691395E+00
   -0.4371139E-07   -0.8412536E+00   -0.5406407E+00   -0.3798958E-07   -0.7311338E+00   -0.4698710E+00
   -0.4371139E-07   -0.9096321E+00   -0.4154147E+00   -0.3798958E-07   -0.7905616E+00   -0.3610370E+00
   -0.4371139E-07   -0.9594930E+00   -0.2817324E+00   -0.3798958E-07   -0.8338957E+00   -0.2448537E+00
   -0.4371139E-07   -0.9898215E+00   -0.1423145E+00   -0.3798958E-07   -0.8602542E+00   -0.1236856E+00
   -0.4371139E-07   -0.1000000E+01    0.4887621E-06   -0.3798958E-07   -0.8691003E+00    0.4247833E-06
   -0.4371139E-07   -0.9898214E+00    0.1423150E+00   -0.3798958E-07   -0.8602541E+00    0.1236860E+00
   -0.4371139E-07   -0.9594929E+00    0.2817329E+00   -0.3798958E-07   -0.8338956E+00    0.2448542E+00
   -0.4371139E-07   -0.9096320E+00    0.4154151E+00   -0.3798958E-07   -0.7905614E+00    0.3610374E+00
   -0.4371139E-07   -0.8412534E+00    0.5406411E+00   -0.3798958E-07   -0.7311336E+00    0.4698713E+00
   -0.4371139E-07   -0.7557493E+00    0.6548611E+00   -0.3798958E-07   -0.6568220E+00    0.5691400E+00
   -0.4371139E-07   -0.6548606E+00    0.7557497E+00   -0.3798958E-07   -0.5691396E+00    0.6568223E+00
   -0.4371139E-07   -0.5406405E+00    0.8412538E+00   -0.3798958E-07   -0.4698708E+00    0.7311339E+00
   -0.4371139E-07   -0.4154145E+00    0.9096322E+00   -0.3798958E-07   -0.3610369E+00    0.7905617E+00
   -0.4371139E-07   -0.2817323E+00    0.9594930E+00   -0.3798958E-07   -0.2448536E+00    0.8338957E+00
   -0.4371139E-07   -0.1423144E+00    0.9898215E+00   -0.3798958E-07   -0.1236855E+00    0.8602542E+00
   -0.1305263E+00    0.0000000E+00    0.9914448E+00   -0.1134405E+00    0.0000000E+00    0.8616650E+00
   -0.1305263E+00    0.1410973E+00    0.9813533E+00   -0.1134405E+00    0.1226277E+00    0.8528945E+00
   -0.1305263E+00    0.2793223E+00    0.9512843E+00   -0.1134405E+00    0.2427591E+00    0.8267615E+00
   -0.1305263E+00    0.4118611E+00    0.9018499E+00   -0.1134405E+00    0.3579486E+00    0.7837980E+00
   -0.1305263E+00    0.5360156E+00    0.8340564E+00   -0.1134405E+00    0.4658513E+00    0.7248787E+00
   -0.1305263E+00    0.6492584E+00    0.7492840E+00   -0.1134405E+00    0.5642706E+00    0.6512029E+00
   -0.1305263E+00    0.7492840E+00    0.6492583E+00   -0.1134405E+00    0.6512030E+00    0.5642706E+00
   -0.1305263E+00    0.8340565E+00    0.5360155E+00   -0.1134405E+00    0.7248788E+00    0.4658512E+00
   -0.1305263E+00    0.9018500E+00    0.4118610E+00   -0.1134405E+00    0.7837981E+00    0.3579485E+00
   -0.1305263E+00    0.9512843E+00    0.2793223E+00   -0.1134405E+00    0.8267615E+00    0.2427591E+00
   -0.1305263E+00    0.9813533E+00    0.1410972E+00   -0.1134405E+00    0.8528945E+00    0.1226276E+00
   -0.1305263E+00    0.9914448E+00   -0.1615269E-06   -0.1134405E+00    0.8616650E+00   -0.1403831E-06
   -0.1305263E+00    0.9813533E+00   -0.1410974E+00   -0.1134405E+00    0.8528945E+00   -0.1226278E+00
   -0.1305263E+00    0.9512843E+00   -0.2793224E+00   -0.1134405E+00    0.8267615E+00   -0.2427591E+00
   -0.1305263E+00    0.9018499E+00   -0.4118612E+00   -0.1134405E+00    0.7837980E+00   -0.3579487E+00
   -0.1305263E+00    0.8340563E+00   -0.5360157E+00   -0.1134405E+00    0.7248786E+00   -0.4658515E+00
   -0.1305263E+00    0.7492839E+00   -0.6492584E+00   -0.1134405E+00    0.6512029E+00   -0.5642707E+00
   -0.1305263E+00    0.6492583E+00   -0.7492841E+00   -0.1134405E+00    0.5642706E+00   -0.6512030E+00
   -0.1305263E+00    0.5360155E+00   -0.8340565E+00   -0.1134405E+00    0.4658512E+00   -0.7248788E+00
   -0.1305263E+00    0.4118609E+00   -0.9018500E+00   -0.1134405E+00    0.3579484E+00   -0.7837982E+00
   -0.1305263E+00    0.2793221E+00   -0.9512844E+00   -0.1134405E+00    0.2427589E+00   -0.8267616E+00
   -0.1305263E+00    0.1410972E+00   -0.9813533E+00   -0.1134405E+00    0.1226276E+00   -0.8528945E+00
   -0.1305263E+00   -0.3230537E-06   -0.9914448E+00   -0.1134405E+00   -0.2807661E-06   -0.8616650E+00
   -0.1305263E+00   -0.1410976E+00   -0.9813533E+00   -0.1134405E+00   -0.1226279E+00   -0.8528944E+00
   -0.1305263E+00   -0.2793225E+00   -0.9512843E+00   -0.1134405E+00   -0.2427593E+00   -0.8267615E+00
   -0.1305263E+00   -0.4118612E+00   -0.9018499E+00   -0.1134405E+00   -0.3579487E+00   -0.7837980E+00
   -0.1305263E+00   -0.5360157E+00   -0.8340564E+00   -0.1134405E+00   -0.4658514E+00   -0.7248787E+00
   -0.1305263E+00   -0.6492585E+00   -0.7492838E+00   -0.1134405E+00   -0.5642708E+00   -0.6512027E+00
   -0.1305263E+00   -0.7492842E+00   -0.6492581E+00   -0.1134405E+00   -0.6512032E+00   -0.5642704E+00
   -0.1305263E+00   -0.8340566E+00   -0.5360154E+00   -0.1134405E+00   -0.7248788E+00   -0.4658511E+00
   -0.1305263E+00   -0.9018501E+00   -0.4118607E+00   -0.1134405E+00   -0.7837982E+00   -0.3579483E+00
   -0.1305263E+00   -0.9512843E+00   -0.2793222E+00   -0.1134405E+00   -0.8267615E+00   -0.2427590E+00
   -0.1305263E+00   -0.9813534E+00   -0.1410970E+00   -0.1134405E+00   -0.8528945E+00   -0.1226275E+00
   -0.1305263E+00   -0.9914448E+00    0.4845806E-06   -0.1134405E+00   -0.8616650E+00    0.4211492E-06
   -0.1305263E+00   -0.9813533E+00    0.1410975E+00   -0.1134405E+00   -0.8528945E+00    0.1226279E+00
   -0.1305263E+00   -0.9512842E+00    0.2793227E+00   -0.1134405E+00   -0.8267614E+00    0.2427594E+00
   -0.1305263E+00   -0.9018499E+00    0.4118612E+00   -0.1134405E+00   -0.7837980E+00    0.3579487E+00
   -0.1305263E+00   -0.8340563E+00    0.5360158E+00   -0.1134405E+00   -0.7248786E+00    0.4658515E+00
   -0.1305263E+00   -0.7492837E+00    0.6492586E+00   -0.1134405E+00   -0.6512027E+00    0.5642709E+00
   -0.1305263E+00   -0.6492582E+00    0.7492841E+00   -0.1134405E+00   -0.5642705E+00    0.6512031E+00
   -0.1305263E+00   -0.5360152E+00    0.8340567E+00   -0.1134405E+00   -0.4658510E+00    0.7248789E+00
   -0.1305263E+00   -0.4118606E+00    0.9018502E+00   -0.1134405E+00   -0.3579482E+00    0.7837982E+00
   -0.1305263E+00   -0.2793220E+00    0.9512844E+00   -0.1134405E+00   -0.2427589E+00    0.8267616E+00
   -0.1305263E+00   -0.1410968E+00    0.9813534E+00   -0.1134405E+00   -0.1226273E+00    0.8528945E+00
   -0.2588192E+00    0.0000000E+00    0.9659258E+00   -0.2249398E+00    0.0000000E+00    0.8394864E+00
   -0.2588192E+00    0.1374656E+00    0.9560941E+00   -0.2249398E+00    0.1194714E+00    0.8309417E+00
   -0.2588192E+00    0.2721328E+00    0.9267991E+00   -0.2249398E+00    0.2365107E+00    0.8054813E+00
   -0.2588192E+00    0.4012601E+00    0.8786370E+00   -0.2249398E+00    0.3487353E+00    0.7636237E+00
   -0.2588192E+00    0.5222189E+00    0.8125885E+00   -0.2249398E+00    0.4538606E+00    0.7062209E+00
   -0.2588192E+00    0.6325470E+00    0.7299980E+00   -0.2249398E+00    0.5497468E+00    0.6344414E+00
   -0.2588192E+00    0.7299981E+00    0.6325468E+00   -0.2249398E+00    0.6344415E+00    0.5497466E+00
   -0.2588192E+00    0.8125886E+00    0.5222189E+00   -0.2249398E+00    0.7062210E+00    0.4538606E+00
   -0.2588192E+00    0.8786371E+00    0.4012600E+00   -0.2249398E+00    0.7636237E+00    0.3487352E+00
   -0.2588192E+00    0.9267991E+00    0.2721327E+00   -0.2249398E+00    0.8054813E+00    0.2365106E+00
   -0.2588192E+00    0.9560941E+00    0.1374655E+00   -0.2249398E+00    0.8309417E+00    0.1194713E+00
   -0.2588192E+00    0.9659258E+00   -0.1573693E-06   -0.2249398E+00    0.8394864E+00   -0.1367697E-06
   -0.2588192E+00    0.9560941E+00   -0.1374657E+00   -0.2249398E+00    0.8309417E+00   -0.1194715E+00
   -0.2588192E+00    0.9267991E+00   -0.2721328E+00   -0.2249398E+00    0.8054813E+00   -0.2365107E+00
   -0.2588192E+00    0.8786370E+00   -0.4012602E+00   -0.2249398E+00    0.7636237E+00   -0.3487354E+00
   -0.2588192E+00    0.8125884E+00   -0.5222191E+00   -0.2249398E+00    0.7062208E+00   -0.4538608E+00
   -0.2588192E+00    0.7299979E+00   -0.6325470E+00   -0.2249398E+00    0.6344414E+00   -0.5497468E+00
   -0.2588192E+00    0.6325468E+00   -0.7299981E+00   -0.2249398E+00    0.5497466E+00   -0.6344416E+00
   -0.2588192E+00    0.5222189E+00   -0.8125886E+00   -0.2249398E+00    0.4538606E+00   -0.7062210E+00
   -0.2588192E+00    0.4012599E+00   -0.8786371E+00   -0.2249398E+00    0.3487351E+00   -0.7636238E+00
   -0.2588192E+00    0.2721326E+00   -0.9267991E+00   -0.2249398E+00    0.2365105E+00   -0.8054814E+00
   -0.2588192E+00    0.1374654E+00   -0.9560941E+00   -0.2249398E+00    0.1194713E+00   -0.8309417E+00
   -0.2588192E+00   -0.3147386E-06   -0.9659258E+00   -0.2249398E+00   -0.2735394E-06   -0.8394864E+00
   -0.2588192E+00   -0.1374658E+00   -0.9560940E+00   -0.2249398E+00   -0.1194716E+00   -0.8309416E+00
   -0.2588192E+00   -0.2721330E+00   -0.9267990E+00   -0.2249398E+00   -0.2365108E+00   -0.8054813E+00
   -0.2588192E+00   -0.4012602E+00   -0.8786370E+00   -0.2249398E+00   -0.3487354E+00   -0.7636237E+00
   -0.2588192E+00   -0.5222191E+00   -0.8125885E+00   -0.2249398E+00   -0.4538607E+00   -0.7062209E+00
   -0.2588192E+00   -0.6325471E+00   -0.7299978E+00   -0.2249398E+00   -0.5497469E+00   -0.6344413E+00
   -0.2588192E+00   -0.7299982E+00   -0.6325467E+00   -0.2249398E+00   -0.6344417E+00   -0.5497466E+00
   -0.2588192E+00   -0.8125886E+00   -0.5222188E+00   -0.2249398E+00   -0.7062210E+00   -0.4538605E+00
   -0.2588192E+00   -0.8786372E+00   -0.4012598E+00   -0.2249398E+00   -0.7636238E+00   -0.3487350E+00
   -0.2588192E+00   -0.9267991E+00   -0.2721326E+00   -0.2249398E+00   -0.8054813E+00   -0.2365106E+00
   -0.2588192E+00   -0.9560941E+00   -0.1374653E+00   -0.2249398E+00   -0.8309417E+00   -0.1194711E+00
   -0.2588192E+00   -0.9659258E+00    0.4721079E-06   -0.2249398E+00   -0.8394864E+00    0.4103091E-06
   -0.2588192E+00   -0.9560941E+00    0.1374658E+00   -0.2249398E+00   -0.8309417E+00    0.1194715E+00
   -0.2588192E+00   -0.9267989E+00    0.2721331E+00   -0.2249398E+00   -0.8054813E+00    0.2365110E+00
   -0.2588192E+00   -0.8786370E+00    0.4012602E+00   -0.2249398E+00   -0.7636237E+00    0.3487353E+00
   -0.2588192E+00   -0.8125884E+00    0.5222192E+00   -0.2249398E+00   -0.7062208E+00    0.4538608E+00
   -0.2588192E+00   -0.7299978E+00    0.6325473E+00   -0.2249398E+00   -0.6344413E+00    0.5497470E+00
   -0.2588192E+00   -0.6325468E+00    0.7299982E+00   -0.2249398E+00   -0.5497466E+00    0.6344416E+00
   -0.2588192E+00   -0.5222186E+00    0.8125887E+00   -0.2249398E+00   -0.4538603E+00    0.7062211E+00
   -0.2588192E+00   -0.4012596E+00    0.8786373E+00   -0.2249398E+00   -0.3487349E+00    0.7636239E+00
   -0.2588192E+00   -0.2721325E+00    0.9267991E+00   -0.2249398E+00   -0.2365104E+00    0.8054814E+00
   -0.2588192E+00   -0.1374651E+00    0.9560941E+00   -0.2249398E+00   -0.1194710E+00    0.8309417E+00
   -0.3826835E+00    0.0000000E+00    0.9238795E+00   -0.3325904E+00    0.0000000E+00    0.8029440E+00
   -0.3826835E+00    0.1445266E+00    0.9125050E+00   -0.3325904E+00    0.1256081E+00    0.7930585E+00
   -0.3826835E+00    0.2854945E+00    0.8786616E+00   -0.3325904E+00    0.2481233E+00    0.7636452E+00
   -0.3826835E+00    0.4194325E+00    0.8231826E+00   -0.3325904E+00    0.3645290E+00    0.7154284E+00
   -0.3826835E+00    0.5430427E+00    0.7474342E+00   -0.3325904E+00    0.4719586E+00    0.6495954E+00
   -0.3826835E+00    0.6532815E+00    0.6532815E+00   -0.3325904E+00    0.5677671E+00    0.5677671E+00
   -0.3826835E+00    0.7474342E+00    0.5430427E+00   -0.3325904E+00    0.6495954E+00    0.4719586E+00
   -0.3826835E+00    0.8231826E+00    0.4194325E+00   -0.3325904E+00    0.7154284E+00    0.3645290E+00
   -0.3826835E+00    0.8786616E+00    0.2854944E+00   -0.3325904E+00    0.7636452E+00    0.2481233E+00
   -0.3826835E+00    0.9125050E+00    0.1445265E+00   -0.3325904E+00    0.7930585E+00    0.1256080E+00
   -0.3826835E+00    0.9238795E+00   -0.4038406E-07   -0.3325904E+00    0.8029440E+00   -0.3509780E-07
   -0.3826835E+00    0.9125050E+00   -0.1445266E+00   -0.3325904E+00    0.7930585E+00   -0.1256081E+00
   -0.3826835E+00    0.8786616E+00   -0.2854945E+00   -0.3325904E+00    0.7636451E+00   -0.2481234E+00
   -0.3826835E+00    0.8231826E+00   -0.4194326E+00   -0.3325904E+00    0.7154283E+00   -0.3645290E+00
   -0.3826835E+00    0.7474342E+00   -0.5430427E+00   -0.3325904E+00    0.6495954E+00   -0.4719586E+00
   -0.3826835E+00    0.6532815E+00   -0.6532815E+00   -0.3325904E+00    0.5677671E+00   -0.5677671E+00
   -0.3826835E+00    0.5430427E+00   -0.7474343E+00   -0.3325904E+00    0.4719586E+00   -0.6495954E+00
   -0.3826835E+00    0.4194324E+00   -0.8231827E+00   -0.3325904E+00    0.3645288E+00   -0.7154284E+00
   -0.3826835E+00    0.2854943E+00   -0.8786617E+00   -0.3325904E+00    0.2481232E+00   -0.7636452E+00
   -0.3826835E+00    0.1445266E+00   -0.9125050E+00   -0.3325904E+00    0.1256081E+00   -0.7930585E+00
   -0.3826835E+00   -0.8076811E-07   -0.9238795E+00   -0.3325904E+00   -0.7019560E-07   -0.8029440E+00
   -0.3826835E+00   -0.1445267E+00   -0.9125050E+00   -0.3325904E+00   -0.1256082E+00   -0.7930584E+00
   -0.3826835E+00   -0.2854944E+00   -0.8786616E+00   -0.3325904E+00   -0.2481233E+00   -0.7636452E+00
   -0.3826835E+00   -0.4194326E+00   -0.8231826E+00   -0.3325904E+00   -0.3645290E+00   -0.7154284E+00
   -0.3826835E+00   -0.5430428E+00   -0.7474342E+00   -0.3325904E+00   -0.4719587E+00   -0.6495953E+00
   -0.3826835E+00   -0.6532816E+00   -0.6532813E+00   -0.3325904E+00   -0.5677673E+00   -0.5677670E+00
   -0.3826835E+00   -0.7474343E+00   -0.5430426E+00   -0.3325904E+00   -0.6495954E+00   -0.4719585E+00
   -0.3826835E+00   -0.8231828E+00   -0.4194323E+00   -0.3325904E+00   -0.7154285E+00   -0.3645287E+00
   -0.3826835E+00   -0.8786616E+00   -0.2854946E+00   -0.3325904E+00   -0.7636451E+00   -0.2481234E+00
   -0.3826835E+00   -0.9125050E+00   -0.1445266E+00   -0.3325904E+00   -0.7930584E+00   -0.1256082E+00
   -0.3826835E+00   -0.9238795E+00    0.1101715E-07   -0.3325904E+00   -0.8029440E+00    0.9575011E-08
   -0.3826835E+00   -0.9125050E+00    0.1445267E+00   -0.3325904E+00   -0.7930584E+00    0.1256082E+00
   -0.3826835E+00   -0.8786616E+00    0.2854946E+00   -0.3325904E+00   -0.7636451E+00    0.2481235E+00
   -0.3826835E+00   -0.8231826E+00    0.4194327E+00   -0.3325904E+00   -0.7154282E+00    0.3645291E+00
   -0.3826835E+00   -0.7474341E+00    0.5430430E+00   -0.3325904E+00   -0.6495952E+00    0.4719588E+00
   -0.3826835E+00   -0.6532812E+00    0.6532817E+00   -0.3325904E+00   -0.5677670E+00    0.5677673E+00
   -0.3826835E+00   -0.5430425E+00    0.7474344E+00   -0.3325904E+00   -0.4719584E+00    0.6495956E+00
   -0.3826835E+00   -0.4194325E+00    0.8231826E+00   -0.3325904E+00   -0.3645290E+00    0.7154284E+00
   -0.3826835E+00   -0.2854944E+00    0.8786616E+00   -0.3325904E+00   -0.2481233E+00    0.7636452E+00
   -0.3826835E+00   -0.1445265E+00    0.9125050E+00   -0.3325904E+00   -0.1256080E+00    0.7930585E+00
   -0.5000001E+00    0.0000000E+00    0.8660254E+00   -0.4345502E+00    0.0000000E+00    0.7526630E+00
   -0.5000001E+00    0.1354762E+00    0.8553632E+00   -0.4345502E+00    0.1177424E+00    0.7433965E+00
   -0.5000001E+00    0.2676166E+00    0.8236391E+00   -0.4345502E+00    0.2325857E+00    0.7158250E+00
   -0.5000001E+00    0.3931673E+00    0.7716343E+00   -0.4345502E+00    0.3417018E+00    0.6706276E+00
   -0.5000001E+00    0.5090370E+00    0.7006292E+00   -0.4345502E+00    0.4424042E+00    0.6089171E+00
   -0.5000001E+00    0.6123724E+00    0.6123724E+00   -0.4345502E+00    0.5322131E+00    0.5322131E+00
   -0.5000001E+00    0.7006292E+00    0.5090370E+00   -0.4345502E+00    0.6089171E+00    0.4424042E+00
   -0.5000001E+00    0.7716343E+00    0.3931673E+00   -0.4345502E+00    0.6706276E+00    0.3417018E+00
   -0.5000001E+00    0.8236391E+00    0.2676165E+00   -0.4345502E+00    0.7158250E+00    0.2325856E+00
   -0.5000001E+00    0.8553632E+00    0.1354761E+00   -0.4345502E+00    0.7433965E+00    0.1177424E+00
   -0.5000001E+00    0.8660254E+00   -0.3785517E-07   -0.4345502E+00    0.7526630E+00   -0.3289994E-07
   -0.5000001E+00    0.8553632E+00   -0.1354762E+00   -0.4345502E+00    0.7433965E+00   -0.1177424E+00
   -0.5000001E+00    0.8236390E+00   -0.2676166E+00   -0.4345502E+00    0.7158250E+00   -0.2325857E+00
   -0.5000001E+00    0.7716342E+00   -0.3931674E+00   -0.4345502E+00    0.6706275E+00   -0.3417019E+00
   -0.5000001E+00    0.7006292E+00   -0.5090369E+00   -0.4345502E+00    0.6089171E+00   -0.4424041E+00
   -0.5000001E+00    0.6123724E+00   -0.6123724E+00   -0.4345502E+00    0.5322131E+00   -0.5322131E+00
   -0.5000001E+00    0.5090369E+00   -0.7006293E+00   -0.4345502E+00    0.4424041E+00   -0.6089172E+00
   -0.5000001E+00    0.3931672E+00   -0.7716343E+00   -0.4345502E+00    0.3417017E+00   -0.6706277E+00
   -0.5000001E+00    0.2676164E+00   -0.8236392E+00   -0.4345502E+00    0.2325855E+00   -0.7158251E+00
   -0.5000001E+00    0.1354762E+00   -0.8553632E+00   -0.4345502E+00    0.1177424E+00   -0.7433965E+00
   -0.5000001E+00   -0.7571035E-07   -0.8660254E+00   -0.4345502E+00   -0.6579989E-07   -0.7526630E+00
   -0.5000001E+00   -0.1354764E+00   -0.8553631E+00   -0.4345502E+00   -0.1177425E+00   -0.7433964E+00
   -0.5000001E+00   -0.2676165E+00   -0.8236391E+00   -0.4345502E+00   -0.2325856E+00   -0.7158250E+00
   -0.5000001E+00   -0.3931673E+00   -0.7716343E+00   -0.4345502E+00   -0.3417019E+00   -0.6706276E+00
   -0.5000001E+00   -0.5090370E+00   -0.7006292E+00   -0.4345502E+00   -0.4424043E+00   -0.6089171E+00
   -0.5000001E+00   -0.6123725E+00   -0.6123723E+00   -0.4345502E+00   -0.5322132E+00   -0.5322130E+00
   -0.5000001E+00   -0.7006294E+00   -0.5090368E+00   -0.4345502E+00   -0.6089172E+00   -0.4424040E+00
   -0.5000001E+00   -0.7716344E+00   -0.3931670E+00   -0.4345502E+00   -0.6706277E+00   -0.3417016E+00
   -0.5000001E+00   -0.8236390E+00   -0.2676167E+00   -0.4345502E+00   -0.7158250E+00   -0.2325857E+00
   -0.5000001E+00   -0.8553631E+00   -0.1354763E+00   -0.4345502E+00   -0.7433964E+00   -0.1177425E+00
   -0.5000001E+00   -0.8660254E+00    0.1032725E-07   -0.4345502E+00   -0.7526630E+00    0.8975416E-08
   -0.5000001E+00   -0.8553631E+00    0.1354763E+00   -0.4345502E+00   -0.7433964E+00    0.1177425E+00
   -0.5000001E+00   -0.8236390E+00    0.2676167E+00   -0.4345502E+00   -0.7158250E+00    0.2325857E+00
   -0.5000001E+00   -0.7716342E+00    0.3931674E+00   -0.4345502E+00   -0.6706275E+00    0.3417020E+00
   -0.5000001E+00   -0.7006291E+00    0.5090371E+00   -0.4345502E+00   -0.6089170E+00    0.4424044E+00
   -0.5000001E+00   -0.6123722E+00    0.6123726E+00   -0.4345502E+00   -0.5322129E+00    0.5322133E+00
   -0.5000001E+00   -0.5090367E+00    0.7006295E+00   -0.4345502E+00   -0.4424039E+00    0.6089173E+00
   -0.5000001E+00   -0.3931673E+00    0.7716343E+00   -0.4345502E+00   -0.3417018E+00    0.6706276E+00
   -0.5000001E+00   -0.2676165E+00    0.8236391E+00   -0.4345502E+00   -0.2325856E+00    0.7158250E+00
   -0.5000001E+00   -0.1354761E+00    0.8553632E+00   -0.4345502E+00   -0.1177423E+00    0.7433965E+00
   -0.6087614E+00    0.0000000E+00    0.7933533E+00   -0.5290748E+00    0.0000000E+00    0.6895036E+00
   -0.6087614E+00    0.1377644E+00    0.7813005E+00   -0.5290748E+00    0.1197311E+00    0.6790285E+00
   -0.6087614E+00    0.2713428E+00    0.7455083E+00   -0.5290748E+00    0.2358241E+00    0.6479214E+00
   -0.6087614E+00    0.3966767E+00    0.6870641E+00   -0.5290748E+00    0.3447518E+00    0.5971276E+00
   -0.6087614E+00    0.5099577E+00    0.6077439E+00   -0.5290748E+00    0.4432044E+00    0.5281904E+00
   -0.6087614E+00    0.6077439E+00    0.5099577E+00   -0.5290748E+00    0.5281904E+00    0.4432043E+00
   -0.6087614E+00    0.6870642E+00    0.3966766E+00   -0.5290748E+00    0.5971277E+00    0.3447518E+00
   -0.6087614E+00    0.7455083E+00    0.2713427E+00   -0.5290748E+00    0.6479215E+00    0.2358240E+00
   -0.6087614E+00    0.7813005E+00    0.1377643E+00   -0.5290748E+00    0.6790285E+00    0.1197310E+00
   -0.6087614E+00    0.7933533E+00   -0.3467857E-07   -0.5290748E+00    0.6895036E+00   -0.3013916E-07
   -0.6087614E+00    0.7813005E+00   -0.1377645E+00   -0.5290748E+00    0.6790285E+00   -0.1197311E+00
   -0.6087614E+00    0.7455083E+00   -0.2713429E+00   -0.5290748E+00    0.6479214E+00   -0.2358242E+00
   -0.6087614E+00    0.6870641E+00   -0.3966767E+00   -0.5290748E+00    0.5971276E+00   -0.3447518E+00
   -0.6087614E+00    0.6077439E+00   -0.5099577E+00   -0.5290748E+00    0.5281904E+00   -0.4432044E+00
   -0.6087614E+00    0.5099576E+00   -0.6077440E+00   -0.5290748E+00    0.4432043E+00   -0.5281906E+00
   -0.6087614E+00    0.3966765E+00   -0.6870642E+00   -0.5290748E+00    0.3447517E+00   -0.5971277E+00
   -0.6087614E+00    0.2713427E+00   -0.7455083E+00   -0.5290748E+00    0.2358240E+00   -0.6479215E+00
   -0.6087614E+00    0.1377643E+00   -0.7813005E+00   -0.5290748E+00    0.1197310E+00   -0.6790285E+00
   -0.6087614E+00   -0.6935715E-07   -0.7933533E+00   -0.5290748E+00   -0.6027832E-07   -0.6895036E+00
   -0.6087614E+00   -0.1377646E+00   -0.7813005E+00   -0.5290748E+00   -0.1197312E+00   -0.6790285E+00
   -0.6087614E+00   -0.2713430E+00   -0.7455082E+00   -0.5290748E+00   -0.2358243E+00   -0.6479214E+00
   -0.6087614E+00   -0.3966768E+00   -0.6870640E+00   -0.5290748E+00   -0.3447519E+00   -0.5971276E+00
   -0.6087614E+00   -0.5099578E+00   -0.6077438E+00   -0.5290748E+00   -0.4432045E+00   -0.5281903E+00
   -0.6087614E+00   -0.6077440E+00   -0.5099576E+00   -0.5290748E+00   -0.5281905E+00   -0.4432043E+00
   -0.6087614E+00   -0.6870642E+00   -0.3966766E+00   -0.5290748E+00   -0.5971277E+00   -0.3447517E+00
   -0.6087614E+00   -0.7455083E+00   -0.2713428E+00   -0.5290748E+00   -0.6479215E+00   -0.2358241E+00
   -0.6087614E+00   -0.7813005E+00   -0.1377643E+00   -0.5290748E+00   -0.6790285E+00   -0.1197310E+00
   -0.6087614E+00   -0.7933533E+00    0.3877610E-06   -0.5290748E+00   -0.6895036E+00    0.3370032E-06
   -0.6087614E+00   -0.7813004E+00    0.1377647E+00   -0.5290748E+00   -0.6790285E+00    0.1197314E+00
   -0.6087614E+00   -0.7455081E+00    0.2713431E+00   -0.5290748E+00   -0.6479214E+00    0.2358244E+00
   -0.6087614E+00   -0.6870640E+00    0.3966770E+00   -0.5290748E+00   -0.5971275E+00    0.3447520E+00
   -0.6087614E+00   -0.6077437E+00    0.5099579E+00   -0.5290748E+00   -0.5281903E+00    0.4432046E+00
   -0.6087614E+00   -0.5099575E+00    0.6077440E+00   -0.5290748E+00   -0.4432042E+00    0.5281906E+00
   -0.6087614E+00   -0.3966765E+00    0.6870642E+00   -0.5290748E+00   -0.3447516E+00    0.5971277E+00
   -0.6087614E+00   -0.2713426E+00    0.7455083E+00   -0.5290748E+00   -0.2358240E+00    0.6479215E+00
   -0.6087614E+00   -0.1377642E+00    0.7813005E+00   -0.5290748E+00   -0.1197309E+00    0.6790285E+00
   -0.7071068E+00    0.0000000E+00    0.7071068E+00   -0.6145467E+00    0.0000000E+00    0.6145467E+00
   -0.7071068E+00    0.1379497E+00    0.6935199E+00   -0.6145467E+00    0.1198921E+00    0.6027384E+00
   -0.7071068E+00    0.2705981E+00    0.6532815E+00   -0.6145467E+00    0.2351769E+00    0.5677671E+00
   -0.7071068E+00    0.3928475E+00    0.5879378E+00   -0.6145467E+00    0.3414239E+00    0.5109769E+00
   -0.7071068E+00    0.5000000E+00    0.5000000E+00   -0.6145467E+00    0.4345501E+00    0.4345501E+00
   -0.7071068E+00    0.5879378E+00    0.3928474E+00   -0.6145467E+00    0.5109770E+00    0.3414238E+00
   -0.7071068E+00    0.6532815E+00    0.2705981E+00   -0.6145467E+00    0.5677671E+00    0.2351768E+00
   -0.7071068E+00    0.6935199E+00    0.1379496E+00   -0.6145467E+00    0.6027384E+00    0.1198921E+00
   -0.7071068E+00    0.7071068E+00   -0.3090862E-07   -0.6145467E+00    0.6145467E+00   -0.2686269E-07
   -0.7071068E+00    0.6935199E+00   -0.1379497E+00   -0.6145467E+00    0.6027384E+00   -0.1198921E+00
   -0.7071068E+00    0.6532815E+00   -0.2705981E+00   -0.6145467E+00    0.5677671E+00   -0.2351769E+00
   -0.7071068E+00    0.5879377E+00   -0.3928476E+00   -0.6145467E+00    0.5109769E+00   -0.3414239E+00
   -0.7071068E+00    0.5000000E+00   -0.5000000E+00   -0.6145467E+00    0.4345501E+00   -0.4345501E+00
   -0.7071068E+00    0.3928474E+00   -0.5879378E+00   -0.6145467E+00    0.3414238E+00   -0.5109770E+00
   -0.7071068E+00    0.2705979E+00   -0.6532815E+00   -0.6145467E+00    0.2351768E+00   -0.5677672E+00
   -0.7071068E+00    0.1379497E+00   -0.6935199E+00   -0.6145467E+00    0.1198921E+00   -0.6027384E+00
   -0.7071068E+00   -0.6181724E-07   -0.7071068E+00   -0.6145467E+00   -0.5372538E-07   -0.6145467E+00
   -0.7071068E+00   -0.1379498E+00   -0.6935199E+00   -0.6145467E+00   -0.1198922E+00   -0.6027384E+00
   -0.7071068E+00   -0.2705981E+00   -0.6532815E+00   -0.6145467E+00   -0.2351768E+00   -0.5677671E+00
   -0.7071068E+00   -0.3928475E+00   -0.5879377E+00   -0.6145467E+00   -0.3414239E+00   -0.5109769E+00
   -0.7071068E+00   -0.5000001E+00   -0.4999999E+00   -0.6145467E+00   -0.4345502E+00   -0.4345501E+00
   -0.7071068E+00   -0.5879379E+00   -0.3928473E+00   -0.6145467E+00   -0.5109770E+00   -0.3414237E+00
   -0.7071068E+00   -0.6532816E+00   -0.2705978E+00   -0.6145467E+00   -0.5677672E+00   -0.2351767E+00
   -0.7071068E+00   -0.6935199E+00   -0.1379497E+00   -0.6145467E+00   -0.6027384E+00   -0.1198922E+00
   -0.7071068E+00   -0.7071068E+00    0.8432163E-08   -0.6145467E+00   -0.6145467E+00    0.7328396E-08
   -0.7071068E+00   -0.6935199E+00    0.1379497E+00   -0.6145467E+00   -0.6027384E+00    0.1198922E+00
   -0.7071068E+00   -0.6532814E+00    0.2705982E+00   -0.6145467E+00   -0.5677671E+00    0.2351770E+00
   -0.7071068E+00   -0.5879377E+00    0.3928476E+00   -0.6145467E+00   -0.5109769E+00    0.3414240E+00
   -0.7071068E+00   -0.4999998E+00    0.5000002E+00   -0.6145467E+00   -0.4345500E+00    0.4345503E+00
   -0.7071068E+00   -0.3928475E+00    0.5879378E+00   -0.6145467E+00   -0.3414239E+00    0.5109769E+00
   -0.7071068E+00   -0.2705981E+00    0.6532815E+00   -0.6145467E+00   -0.2351768E+00    0.5677671E+00
   -0.7071068E+00   -0.1379496E+00    0.6935199E+00   -0.6145467E+00   -0.1198921E+00    0.6027384E+00
   -0.7933533E+00    0.0000000E+00    0.6087614E+00   -0.6895036E+00    0.0000000E+00    0.5290748E+00
   -0.7933533E+00    0.1354622E+00    0.5934985E+00   -0.6895036E+00    0.1177302E+00    0.5158098E+00
   -0.7933533E+00    0.2641317E+00    0.5484751E+00   -0.6895036E+00    0.2295570E+00    0.4766799E+00
   -0.7933533E+00    0.3795566E+00    0.4759488E+00   -0.6895036E+00    0.3298728E+00    0.4136473E+00
   -0.7933533E+00    0.4759489E+00    0.3795565E+00   -0.6895036E+00    0.4136473E+00    0.3298727E+00
   -0.7933533E+00    0.5484751E+00    0.2641317E+00   -0.6895036E+00    0.4766799E+00    0.2295570E+00
   -0.7933533E+00    0.5934985E+00    0.1354621E+00   -0.6895036E+00    0.5158098E+00    0.1177302E+00
   -0.7933533E+00    0.6087614E+00   -0.2660981E-07   -0.6895036E+00    0.5290748E+00   -0.2312659E-07
   -0.7933533E+00    0.5934985E+00   -0.1354622E+00   -0.6895036E+00    0.5158098E+00   -0.1177302E+00
   -0.7933533E+00    0.5484751E+00   -0.2641318E+00   -0.6895036E+00    0.4766799E+00   -0.2295570E+00
   -0.7933533E+00    0.4759489E+00   -0.3795565E+00   -0.6895036E+00    0.4136473E+00   -0.3298727E+00
   -0.7933533E+00    0.3795565E+00   -0.4759489E+00   -0.6895036E+00    0.3298727E+00   -0.4136473E+00
   -0.7933533E+00    0.2641316E+00   -0.5484751E+00   -0.6895036E+00    0.2295569E+00   -0.4766799E+00
   -0.7933533E+00    0.1354622E+00   -0.5934985E+00   -0.6895036E+00    0.1177302E+00   -0.5158098E+00
   -0.7933533E+00   -0.5321962E-07   -0.6087614E+00   -0.6895036E+00   -0.4625319E-07   -0.5290748E+00
   -0.7933533E+00   -0.1354621E+00   -0.5934985E+00   -0.6895036E+00   -0.1177302E+00   -0.5158098E+00
   -0.7933533E+00   -0.2641317E+00   -0.5484751E+00   -0.6895036E+00   -0.2295570E+00   -0.4766799E+00
   -0.7933533E+00   -0.3795566E+00   -0.4759488E+00   -0.6895036E+00   -0.3298728E+00   -0.4136473E+00
   -0.7933533E+00   -0.4759489E+00   -0.3795564E+00   -0.6895036E+00   -0.4136474E+00   -0.3298726E+00
   -0.7933533E+00   -0.5484750E+00   -0.2641318E+00   -0.6895036E+00   -0.4766799E+00   -0.2295570E+00
   -0.7933533E+00   -0.5934985E+00   -0.1354622E+00   -0.6895036E+00   -0.5158098E+00   -0.1177303E+00
   -0.7933533E+00   -0.6087614E+00    0.7259407E-08   -0.6895036E+00   -0.5290748E+00    0.6309154E-08
   -0.7933533E+00   -0.5934985E+00    0.1354622E+00   -0.6895036E+00   -0.5158098E+00    0.1177303E+00
   -0.7933533E+00   -0.5484750E+00    0.2641318E+00   -0.6895036E+00   -0.4766799E+00    0.2295570E+00
   -0.7933533E+00   -0.4759488E+00    0.3795567E+00   -0.6895036E+00   -0.4136472E+00    0.3298728E+00
   -0.7933533E+00   -0.3795566E+00    0.4759488E+00   -0.6895036E+00   -0.3298728E+00    0.4136473E+00
   -0.7933533E+00   -0.2641317E+00    0.5484751E+00   -0.6895036E+00   -0.2295570E+00    0.4766799E+00
   -0.7933533E+00   -0.1354621E+00    0.5934985E+00   -0.6895036E+00   -0.1177302E+00    0.5158098E+00
   -0.8660255E+00    0.0000000E+00    0.4999998E+00   -0.7526631E+00    0.0000000E+00    0.4345500E+00
   -0.8660255E+00    0.1294095E+00    0.4829627E+00   -0.7526631E+00    0.1124698E+00    0.4197431E+00
   -0.8660255E+00    0.2499999E+00    0.4330125E+00   -0.7526631E+00    0.2172750E+00    0.3763314E+00
   -0.8660255E+00    0.3535533E+00    0.3535533E+00   -0.7526631E+00    0.3072733E+00    0.3072733E+00
   -0.8660255E+00    0.4330126E+00    0.2499999E+00   -0.7526631E+00    0.3763314E+00    0.2172750E+00
   -0.8660255E+00    0.4829627E+00    0.1294095E+00   -0.7526631E+00    0.4197431E+00    0.1124698E+00
   -0.8660255E+00    0.4999998E+00   -0.2185569E-07   -0.7526631E+00    0.4345500E+00   -0.1899478E-07
   -0.8660255E+00    0.4829627E+00   -0.1294095E+00   -0.7526631E+00    0.4197431E+00   -0.1124699E+00
   -0.8660255E+00    0.4330125E+00   -0.2499999E+00   -0.7526631E+00    0.3763314E+00   -0.2172750E+00
   -0.8660255E+00    0.3535533E+00   -0.3535533E+00   -0.7526631E+00    0.3072733E+00   -0.3072733E+00
   -0.8660255E+00    0.2499999E+00   -0.4330125E+00   -0.7526631E+00    0.2172750E+00   -0.3763314E+00
   -0.8660255E+00    0.1294094E+00   -0.4829628E+00   -0.7526631E+00    0.1124698E+00   -0.4197431E+00
   -0.8660255E+00   -0.4371137E-07   -0.4999998E+00   -0.7526631E+00   -0.3798957E-07   -0.4345500E+00
   -0.8660255E+00   -0.1294095E+00   -0.4829627E+00   -0.7526631E+00   -0.1124698E+00   -0.4197431E+00
   -0.8660255E+00   -0.2500000E+00   -0.4330125E+00   -0.7526631E+00   -0.2172751E+00   -0.3763313E+00
   -0.8660255E+00   -0.3535533E+00   -0.3535532E+00   -0.7526631E+00   -0.3072733E+00   -0.3072732E+00
   -0.8660255E+00   -0.4330126E+00   -0.2499999E+00   -0.7526631E+00   -0.3763314E+00   -0.2172750E+00
   -0.8660255E+00   -0.4829628E+00   -0.1294094E+00   -0.7526631E+00   -0.4197431E+00   -0.1124698E+00
   -0.8660255E+00   -0.4999998E+00    0.5962438E-08   -0.7526631E+00   -0.4345500E+00    0.5181957E-08
   -0.8660255E+00   -0.4829627E+00    0.1294095E+00   -0.7526631E+00   -0.4197431E+00    0.1124698E+00
   -0.8660255E+00   -0.4330126E+00    0.2499999E+00   -0.7526631E+00   -0.3763314E+00    0.2172750E+00
   -0.8660255E+00   -0.3535531E+00    0.3535534E+00   -0.7526631E+00   -0.3072731E+00    0.3072734E+00
   -0.8660255E+00   -0.2499998E+00    0.4330126E+00   -0.7526631E+00   -0.2172749E+00    0.3763314E+00
   -0.8660255E+00   -0.1294094E+00    0.4829628E+00   -0.7526631E+00   -0.1124697E+00    0.4197431E+00
   -0.9238796E+00    0.0000000E+00    0.3826833E+00   -0.8029441E+00    0.0000000E+00    0.3325902E+00
   -0.9238796E+00    0.1464466E+00    0.3535532E+00   -0.8029441E+00    0.1272767E+00    0.3072732E+00
   -0.9238796E+00    0.2705979E+00    0.2705979E+00   -0.8029441E+00    0.2351768E+00    0.2351768E+00
   -0.9238796E+00    0.3535532E+00    0.1464465E+00   -0.8029441E+00    0.3072732E+00    0.1272767E+00
   -0.9238796E+00    0.3826833E+00   -0.1672762E-07   -0.8029441E+00    0.3325902E+00   -0.1453798E-07
   -0.9238796E+00    0.3535532E+00   -0.1464466E+00   -0.8029441E+00    0.3072732E+00   -0.1272768E+00
   -0.9238796E+00    0.2705979E+00   -0.2705979E+00   -0.8029441E+00    0.2351768E+00   -0.2351768E+00
   -0.9238796E+00    0.1464465E+00   -0.3535533E+00   -0.8029441E+00    0.1272767E+00   -0.3072733E+00
   -0.9238796E+00   -0.3345523E-07   -0.3826833E+00   -0.8029441E+00   -0.2907596E-07   -0.3325902E+00
   -0.9238796E+00   -0.1464465E+00   -0.3535532E+00   -0.8029441E+00   -0.1272767E+00   -0.3072732E+00
   -0.9238796E+00   -0.2705980E+00   -0.2705979E+00   -0.8029441E+00   -0.2351768E+00   -0.2351767E+00
   -0.9238796E+00   -0.3535533E+00   -0.1464464E+00   -0.8029441E+00   -0.3072733E+00   -0.1272766E+00
   -0.9238796E+00   -0.3826833E+00    0.4563452E-08   -0.8029441E+00   -0.3325902E+00    0.3966098E-08
   -0.9238796E+00   -0.3535532E+00    0.1464466E+00   -0.8029441E+00   -0.3072732E+00    0.1272768E+00
   -0.9238796E+00   -0.2705978E+00    0.2705980E+00   -0.8029441E+00   -0.2351767E+00    0.2351768E+00
   -0.9238796E+00   -0.1464465E+00    0.3535533E+00   -0.8029441E+00   -0.1272767E+00    0.3072733E+00
   -0.9659259E+00    0.0000000E+00    0.2588189E+00   -0.8394865E+00    0.0000000E+00    0.2249396E+00
   -0.9659259E+00    0.1294095E+00    0.2241438E+00   -0.8394865E+00    0.1124698E+00    0.1948034E+00
   -0.9659259E+00    0.2241438E+00    0.1294094E+00   -0.8394865E+00    0.1948034E+00    0.1124698E+00
   -0.9659259E+00    0.2588189E+00   -0.1131333E-07   -0.8394865E+00    0.2249396E+00   -0.9832423E-08
   -0.9659259E+00    0.2241438E+00   -0.1294095E+00   -0.8394865E+00    0.1948034E+00   -0.1124698E+00
   -0.9659259E+00    0.1294095E+00   -0.2241438E+00   -0.8394865E+00    0.1124698E+00   -0.1948034E+00
   -0.9659259E+00   -0.2262667E-07   -0.2588189E+00   -0.8394865E+00   -0.1966485E-07   -0.2249396E+00
   -0.9659259E+00   -0.1294095E+00   -0.2241437E+00   -0.8394865E+00   -0.1124698E+00   -0.1948034E+00
   -0.9659259E+00   -0.2241438E+00   -0.1294094E+00   -0.8394865E+00   -0.1948034E+00   -0.1124698E+00
   -0.9659259E+00   -0.2588189E+00    0.3086385E-08   -0.8394865E+00   -0.2249396E+00    0.2682378E-08
   -0.9659259E+00   -0.2241438E+00    0.1294094E+00   -0.8394865E+00   -0.1948034E+00    0.1124698E+00
   -0.9659259E+00   -0.1294094E+00    0.2241438E+00   -0.8394865E+00   -0.1124698E+00    0.1948035E+00
   -0.9914449E+00    0.0000000E+00    0.1305261E+00   -0.8616651E+00    0.0000000E+00    0.1134403E+00
   -0.9914449E+00    0.9229588E-01    0.9229588E-01   -0.8616651E+00    0.8021437E-01    0.8021437E-01
   -0.9914449E+00    0.1305261E+00   -0.5705476E-08   -0.8616651E+00    0.1134403E+00   -0.4958631E-08
   -0.9914449E+00    0.9229588E-01   -0.9229588E-01   -0.8616651E+00    0.8021437E-01   -0.8021437E-01
   -0.9914449E+00   -0.1141095E-07   -0.1305261E+00   -0.8616651E+00   -0.9917263E-08   -0.1134403E+00
   -0.9914449E+00   -0.9229589E-01   -0.9229586E-01   -0.8616651E+00   -0.8021439E-01   -0.8021436E-01
   -0.9914449E+00   -0.1305261E+00    0.1556508E-08   -0.8616651E+00   -0.1134403E+00    0.1352762E-08
   -0.9914449E+00   -0.9229584E-01    0.9229591E-01   -0.8616651E+00   -0.8021435E-01    0.8021440E-01
   -0.1000000E+01    0.0000000E+00    0.0000000E+00   -0.8691003E+00    0.0000000E+00    0.0000000E+00



